time,right_j0,right_j1,right_j2,right_j3,right_j4,right_j5,right_j6,right_gripper
0.299807,-0.377674804687,-0.922293945312,-0.02196484375,1.956515625,-0.0033427734375,0.326913085938,-0.0044189453125,0.041667
0.300330,-0.377674804687,-0.922293945312,-0.02196484375,1.956515625,-0.0033427734375,0.326913085938,-0.0044189453125,0.041667
0.310504,-0.383869140625,-0.922088867188,-0.0221083984375,1.95318554687,-0.003548828125,0.331470703125,-0.0044189453125,0.041667
0.320564,-0.389959960938,-0.921985351563,-0.0222529296875,1.94972070312,-0.003548828125,0.33602734375,-0.0044189453125,0.041667
0.330578,-0.39605078125,-0.921779296875,-0.0225419921875,1.946390625,-0.0033427734375,0.340998046875,-0.0044189453125,0.041667
0.340577,-0.402141601563,-0.921676757813,-0.0225419921875,1.94306152344,-0.003548828125,0.345555664062,-0.0044189453125,0.041667
0.351077,-0.408329101563,-0.92157421875,-0.0226865234375,1.93987597656,-0.003755859375,0.35011328125,-0.0044189453125,0.041667
0.360578,-0.414522460938,-0.921470703125,-0.0226865234375,1.93669140625,-0.003755859375,0.354670898437,-0.0044189453125,0.041667
0.370605,-0.420709960938,-0.921265625,-0.0228310546875,1.93351464844,-0.003962890625,0.359848632813,-0.0044189453125,0.041667
0.380614,-0.426904296875,-0.921162109375,-0.0228310546875,1.93047363281,-0.003962890625,0.364612304687,-0.0044189453125,0.041667
0.390592,-0.433090820313,-0.921059570312,-0.0228310546875,1.92743261719,-0.003755859375,0.368963867188,-0.0044189453125,0.041667
0.400645,-0.439182617188,-0.920956054687,-0.0228310546875,1.92439160156,-0.003755859375,0.373727539063,-0.0044189453125,0.041667
0.410691,-0.445375976562,-0.920853515625,-0.0228310546875,1.92136035156,-0.003755859375,0.378905273438,-0.0044189453125,0.041667
0.420643,-0.451569335937,-0.920750976563,-0.0228310546875,1.91846386719,-0.003755859375,0.38408203125,-0.0044189453125,0.041667
0.430626,-0.457756835937,-0.920647460938,-0.0226865234375,1.91542285156,-0.003548828125,0.389052734375,-0.0044189453125,0.041667
0.440626,-0.463841796875,-0.920544921875,-0.0226865234375,1.91252636719,-0.003755859375,0.393817382813,-0.0044189453125,0.041667
0.452214,-0.469932617188,-0.920442382813,-0.0226865234375,1.90977441406,-0.003755859375,0.398581054687,-0.0044189453125,0.041667
0.460728,-0.476125976562,-0.920338867188,-0.0226865234375,1.90688671875,-0.003755859375,0.403551757813,-0.0044189453125,0.041667
0.470617,-0.4822109375,-0.920338867188,-0.0226865234375,1.90399023437,-0.003755859375,0.408522460937,-0.0044189453125,0.041667
0.480626,-0.488404296875,-0.920236328125,-0.0226865234375,1.90109375,-0.003962890625,0.413080078125,-0.00419921875,0.041667
0.490616,-0.494495117187,-0.9201328125,-0.0226865234375,1.89834179688,-0.003962890625,0.41741796875,-0.0044189453125,0.041667
0.500633,-0.500573242187,-0.920030273437,-0.0226865234375,1.89530957031,-0.003962890625,0.422595703125,-0.00419921875,0.041667
0.510623,-0.5066640625,-0.920030273437,-0.0226865234375,1.89241308594,-0.003962890625,0.42756640625,-0.00419921875,0.041667
0.520639,-0.51265234375,-0.920030273437,-0.0226865234375,1.88951660156,-0.003962890625,0.432124023438,-0.00419921875,0.041667
0.530609,-0.518737304688,-0.920030273437,-0.0226865234375,1.88647558594,-0.00415625,0.436474609375,-0.0044189453125,0.041667
0.540635,-0.524724609375,-0.920030273437,-0.0228310546875,1.88372363281,-0.00415625,0.440826171875,-0.0044189453125,0.041667
0.550595,-0.530809570312,-0.920030273437,-0.0228310546875,1.8808359375,-0.00415625,0.445370117188,-0.0044189453125,0.041667
0.560666,-0.536791015625,-0.9201328125,-0.0228310546875,1.87793945312,-0.0043623046875,0.449927734375,-0.0044189453125,0.041667
0.570649,-0.542881835937,-0.9201328125,-0.0228310546875,1.8751875,-0.0043623046875,0.453866210938,-0.0044189453125,0.041667
0.580653,-0.54886328125,-0.920030273437,-0.0228310546875,1.87229101563,-0.0045693359375,0.457791015625,-0.0044189453125,0.041667
0.590661,-0.5548515625,-0.920030273437,-0.0228310546875,1.8695390625,-0.0045693359375,0.462348632812,-0.0044189453125,0.041667
0.600648,-0.560833007813,-0.919927734375,-0.0228310546875,1.86678613281,-0.0043623046875,0.466493164063,-0.0044189453125,0.041667
0.610667,-0.566923828125,-0.919927734375,-0.0226865234375,1.86389941406,-0.0045693359375,0.470624023437,-0.0044189453125,0.041667
0.620696,-0.572899414063,-0.91982421875,-0.0226865234375,1.86114648438,-0.0045693359375,0.4745625,-0.0044189453125,0.041667
0.630659,-0.57888671875,-0.91982421875,-0.0226865234375,1.85839453125,-0.0045693359375,0.47807421875,-0.0044189453125,0.041667
0.640670,-0.584868164062,-0.91982421875,-0.0228310546875,1.85564257813,-0.0045693359375,0.481598632812,-0.0044189453125,0.041667
0.650651,-0.590856445313,-0.91982421875,-0.0228310546875,1.852890625,-0.0045693359375,0.485330078125,-0.0044189453125,0.041667
0.660716,-0.59694140625,-0.919927734375,-0.0228310546875,1.85029199219,-0.004775390625,0.488841796875,-0.0044189453125,0.041667
0.670666,-0.602922851563,-0.919927734375,-0.0228310546875,1.84768359375,-0.004775390625,0.492146484375,-0.0044189453125,0.041667
0.680728,-0.609006835938,-0.919927734375,-0.022974609375,1.84507617187,-0.004775390625,0.49546484375,-0.0044189453125,0.041667
0.690691,-0.614995117187,-0.919927734375,-0.022974609375,1.84261230469,-0.004982421875,0.498563476562,-0.0044189453125,0.041667
0.700684,-0.621079101563,-0.91982421875,-0.023119140625,1.84014941406,-0.0051884765625,0.501674804688,-0.0044189453125,0.041667
0.710665,-0.627170898437,-0.91982421875,-0.023263671875,1.8376953125,-0.0053955078125,0.5047734375,-0.0044189453125,0.041667
0.720689,-0.633248046875,-0.919721679687,-0.023408203125,1.83523144531,-0.0053955078125,0.508091796875,-0.0044189453125,0.041667
0.730668,-0.63933984375,-0.919515625,-0.023552734375,1.83276855469,-0.0053955078125,0.510984375,-0.0044189453125,0.041667
0.740650,-0.645423828125,-0.919413085938,-0.023697265625,1.8303046875,-0.0056025390625,0.513669921875,-0.0044189453125,0.041667
0.750607,-0.6516171875,-0.919309570313,-0.0239853515625,1.82799511719,-0.0056025390625,0.51657421875,-0.0044189453125,0.041667
0.760626,-0.6578046875,-0.91920703125,-0.0241298828125,1.8258203125,-0.00580859375,0.518846679687,-0.0044189453125,0.041667
0.770621,-0.6639921875,-0.91920703125,-0.0242744140625,1.82364550781,-0.00580859375,0.521325195312,-0.0044189453125,0.041667
0.780628,-0.6701796875,-0.919104492188,-0.0242744140625,1.82147949219,-0.006001953125,0.523817382813,-0.0044189453125,0.041667
0.790604,-0.6764765625,-0.919104492188,-0.0244189453125,1.81930566406,-0.006208984375,0.526295898438,-0.0044189453125,0.041667
0.800625,-0.682766601563,-0.919000976563,-0.0244189453125,1.81727539063,-0.006208984375,0.528775390625,-0.0044189453125,0.041667
0.810618,-0.689063476562,-0.9188984375,-0.0245634765625,1.815109375,-0.006208984375,0.531060546875,-0.0044189453125,0.041667
0.820640,-0.69534765625,-0.918794921875,-0.0245634765625,1.81307910156,-0.0064150390625,0.5335390625,-0.0044189453125,0.041667
0.830601,-0.70164453125,-0.918692382812,-0.0245634765625,1.81119335938,-0.0064150390625,0.536018554688,-0.0044189453125,0.041667
0.840629,-0.707934570312,-0.918486328125,-0.02470703125,1.80931640625,-0.0064150390625,0.538083984375,-0.0044189453125,0.041667
0.850604,-0.714333984375,-0.918383789062,-0.0245634765625,1.80743066406,-0.0066220703125,0.540369140625,-0.0044189453125,0.041667
0.860621,-0.720727539062,-0.91828125,-0.0245634765625,1.80554492187,-0.0066220703125,0.542848632812,-0.0044189453125,0.041667
0.870598,-0.727120117188,-0.918177734375,-0.0245634765625,1.8038125,-0.0066220703125,0.545120117187,-0.0044189453125,0.041667
0.880597,-0.733513671875,-0.917971679688,-0.0244189453125,1.8020703125,-0.0066220703125,0.547599609375,-0.0044189453125,0.041667
0.890587,-0.739907226562,-0.917766601563,-0.0244189453125,1.80033789063,-0.0066220703125,0.550090820313,-0.0044189453125,0.041667
0.900616,-0.746306640625,-0.917560546875,-0.0244189453125,1.79859667969,-0.0064150390625,0.55236328125,-0.0044189453125,0.041667
0.910597,-0.752795898438,-0.917354492187,-0.0245634765625,1.79685546875,-0.0064150390625,0.554842773437,-0.0044189453125,0.041667
0.920620,-0.7591953125,-0.917045898437,-0.0245634765625,1.79526660156,-0.0064150390625,0.557115234375,-0.0044189453125,0.041667
0.930660,-0.76569140625,-0.916737304688,-0.0245634765625,1.79381445312,-0.0064150390625,0.559400390625,-0.0044189453125,0.041667
0.940647,-0.772091796875,-0.916325195313,-0.0245634765625,1.79222558594,-0.0064150390625,0.561465820313,-0.0044189453125,0.041667
0.950588,-0.778581054688,-0.9159140625,-0.0244189453125,1.7907734375,-0.0066220703125,0.56373828125,-0.0044189453125,0.041667
0.960625,-0.785077148437,-0.915399414063,-0.0244189453125,1.78947363281,-0.0066220703125,0.565803710938,-0.0044189453125,0.041667
0.970623,-0.791580078125,-0.914987304688,-0.0244189453125,1.78802148437,-0.0066220703125,0.568088867187,-0.0044189453125,0.041667
0.980617,-0.798076171875,-0.914370117188,-0.0244189453125,1.78672167969,-0.0066220703125,0.570361328125,-0.0044189453125,0.041667
0.990593,-0.804462890625,-0.913650390625,-0.0244189453125,1.78527832031,-0.0066220703125,0.572220703125,-0.0044189453125,0.041667
1.000612,-0.81096484375,-0.913032226563,-0.0244189453125,1.78396972656,-0.0066220703125,0.574493164062,-0.0044189453125,0.041667
1.010608,-0.8174609375,-0.9123125,-0.0242744140625,1.78252539063,-0.0066220703125,0.576765625,-0.0044189453125,0.041667
1.020629,-0.823854492187,-0.911591796875,-0.0242744140625,1.78107324219,-0.0066220703125,0.57884375,-0.0044189453125,0.041667
1.030597,-0.830248046875,-0.910768554687,-0.0242744140625,1.7797734375,-0.0066220703125,0.580703125,-0.0044189453125,0.041667
1.040604,-0.836640625,-0.9099453125,-0.0242744140625,1.77832128906,-0.0066220703125,0.582975585937,-0.0044189453125,0.041667
1.050583,-0.843034179688,-0.909122070313,-0.0241298828125,1.77702148438,-0.0066220703125,0.585041015625,-0.0044189453125,0.041667
1.060630,-0.849427734375,-0.908298828125,-0.0241298828125,1.77556835938,-0.0066220703125,0.587106445313,-0.0044189453125,0.041667
1.070597,-0.8558203125,-0.907372070313,-0.0239853515625,1.774125,-0.0066220703125,0.589172851562,-0.0044189453125,0.041667
1.080619,-0.862213867188,-0.906446289063,-0.0239853515625,1.772671875,-0.0066220703125,0.591250976563,-0.0044189453125,0.041667
1.090579,-0.868401367188,-0.905416992188,-0.0239853515625,1.77108398437,-0.0064150390625,0.593110351563,-0.0044189453125,0.041667
1.100767,-0.87469140625,-0.904291992188,-0.0239853515625,1.76948730469,-0.0064150390625,0.594969726563,-0.0044189453125,0.041667
1.110612,-0.880872070313,-0.90316015625,-0.0239853515625,1.76788964844,-0.0064150390625,0.596829101563,-0.0044189453125,0.041667
1.120664,-0.887059570313,-0.901924804688,-0.0239853515625,1.76615722656,-0.006208984375,0.598274414063,-0.0044189453125,0.041667
1.130783,-0.893247070312,-0.900689453125,-0.0238408203125,1.76441601562,-0.006208984375,0.599514648438,-0.0044189453125,0.041667
1.140735,-0.899434570312,-0.899352539063,-0.0238408203125,1.76268359375,-0.006208984375,0.60075390625,-0.0044189453125,0.041667
1.150640,-0.905615234375,-0.8981171875,-0.0238408203125,1.76094140625,-0.006208984375,0.601799804688,-0.0044189453125,0.041667
1.160748,-0.911700195313,-0.896779296875,-0.0238408203125,1.75920019531,-0.006208984375,0.60283203125,-0.0044189453125,0.041667
1.170713,-0.917784179688,-0.89544140625,-0.0238408203125,1.75717871094,-0.0064150390625,0.603659179688,-0.0044189453125,0.041667
1.180675,-0.923869140625,-0.894103515625,-0.0238408203125,1.75529296875,-0.0064150390625,0.604278320312,-0.0044189453125,0.041667
1.190642,-0.92984375,-0.892765625,-0.0238408203125,1.75340722656,-0.0066220703125,0.605104492187,-0.0044189453125,0.041667
1.200705,-0.935928710937,-0.891325195312,-0.0238408203125,1.75138574219,-0.0066220703125,0.605930664062,-0.0044189453125,0.041667
1.210685,-0.942012695312,-0.889987304687,-0.0238408203125,1.7495,-0.0066220703125,0.606137695312,-0.0044189453125,0.041667
1.220656,-0.947994140625,-0.888546875,-0.0238408203125,1.74746972656,-0.0066220703125,0.60655078125,-0.0044189453125,0.041667
1.230663,-0.953866210938,-0.887208984375,-0.0238408203125,1.74558398438,-0.0064150390625,0.606963867187,-0.0044189453125,0.041667
1.240675,-0.959848632812,-0.885768554688,-0.0238408203125,1.7435625,-0.0064150390625,0.607170898438,-0.0044189453125,0.041667
1.250694,-0.965823242188,-0.884327148438,-0.0238408203125,1.74167675781,-0.0066220703125,0.607170898438,-0.0044189453125,0.041667
1.260841,-0.971702148438,-0.882893554687,-0.0238408203125,1.73964648437,-0.0066220703125,0.607583984375,-0.0044189453125,0.041667
1.270807,-0.977676757812,-0.881349609375,-0.023697265625,1.73776953125,-0.0064150390625,0.607583984375,-0.0044189453125,0.041667
1.280725,-0.983453125,-0.879805664063,-0.023697265625,1.73573925781,-0.0064150390625,0.607583984375,-0.0044189453125,0.041667
1.291069,-0.989228515625,-0.878159179688,-0.0238408203125,1.73370898437,-0.0064150390625,0.607583984375,-0.0044189453125,0.041667
1.300626,-0.994998046875,-0.876512695312,-0.0238408203125,1.73182324219,-0.006208984375,0.607583984375,-0.0044189453125,0.041667
1.310660,-1.00076757813,-0.874866210938,-0.023697265625,1.72994628906,-0.0064150390625,0.607583984375,-0.0044189453125,0.041667
1.320644,-1.00654296875,-0.873013671875,-0.023697265625,1.72820507813,-0.0064150390625,0.607583984375,-0.0044189453125,0.041667
1.330670,-1.01220898437,-0.871264648437,-0.023697265625,1.72631933594,-0.0066220703125,0.607583984375,-0.0044189453125,0.041667
1.340714,-1.01777929687,-0.869412109375,-0.023697265625,1.72444238281,-0.0066220703125,0.607583984375,-0.0044189453125,0.041667
1.350650,-1.0234453125,-0.867559570312,-0.023697265625,1.72255664062,-0.0066220703125,0.607583984375,-0.0044189453125,0.041667
1.360723,-1.02900878906,-0.86570703125,-0.023697265625,1.72081445313,-0.0066220703125,0.607583984375,-0.0044189453125,0.041667
1.370648,-1.03457910156,-0.863751953125,-0.023552734375,1.71892871094,-0.0068291015625,0.607583984375,-0.0044189453125,0.041667
1.380637,-1.04014257812,-0.861803710937,-0.023552734375,1.71690722656,-0.0068291015625,0.607583984375,-0.0044189453125,0.041667
1.390681,-1.04570605469,-0.85984765625,-0.023552734375,1.71502148438,-0.0066220703125,0.607583984375,-0.0044189453125,0.041667
1.400655,-1.05126953125,-0.85799609375,-0.023408203125,1.71313574219,-0.0068291015625,0.607583984375,-0.0044189453125,0.041667
1.410630,-1.05673632812,-0.8559375,-0.023552734375,1.71125,-0.0068291015625,0.607583984375,-0.0044189453125,0.041667
1.420691,-1.06209472656,-0.85387890625,-0.023697265625,1.70922851562,-0.0068291015625,0.607583984375,-0.0044189453125,0.041667
1.430691,-1.0675546875,-0.85171875,-0.023697265625,1.70719824219,-0.0068291015625,0.607583984375,-0.0044189453125,0.041667
1.440633,-1.073015625,-0.84966015625,-0.023697265625,1.70516796875,-0.0068291015625,0.607583984375,-0.0044189453125,0.041667
1.450670,-1.07848242187,-0.8476015625,-0.023697265625,1.70328222656,-0.00703515625,0.607790039062,-0.0044189453125,0.041667
1.460695,-1.08394335938,-0.845440429687,-0.0238408203125,1.70140527344,-0.00703515625,0.607790039062,-0.0044189453125,0.041667
1.470691,-1.08951269531,-0.8433828125,-0.023697265625,1.69951953125,-0.00703515625,0.607790039062,-0.0044189453125,0.041667
1.480672,-1.0950703125,-0.84132421875,-0.023697265625,1.69777832031,-0.0072421875,0.607790039062,-0.0044189453125,0.041667
1.490636,-1.10053710938,-0.839266601562,-0.023552734375,1.69618945312,-0.0072421875,0.607997070313,-0.0044189453125,0.041667
1.500652,-1.10610058594,-0.83721484375,-0.023552734375,1.69444824219,-0.0072421875,0.607790039062,-0.00419921875,0.041667
1.510687,-1.11156152344,-0.835053710938,-0.023552734375,1.69285058594,-0.0072421875,0.607790039062,-0.00419921875,0.041667
1.520708,-1.11691894531,-0.832892578125,-0.023552734375,1.69126269531,-0.00703515625,0.607790039062,-0.00419921875,0.041667
1.530625,-1.12227636719,-0.830724609375,-0.023552734375,1.68952148437,-0.0072421875,0.607790039062,-0.00419921875,0.041667
1.540656,-1.12773730469,-0.8284609375,-0.023552734375,1.68778027344,-0.0072421875,0.607790039062,-0.00419921875,0.041667
1.550710,-1.1331015625,-0.82609375,-0.023552734375,1.68619140625,-0.00703515625,0.607790039062,-0.00419921875,0.041667
1.560682,-1.13855566406,-0.823830078125,-0.023552734375,1.68459472656,-0.00703515625,0.607790039062,-0.00419921875,0.041667
1.570692,-1.14391308594,-0.821462890625,-0.023552734375,1.68299707031,-0.0072421875,0.607790039062,-0.00419921875,0.041667
1.580672,-1.14927734375,-0.819096679687,-0.023552734375,1.68140917969,-0.0072421875,0.607790039062,-0.00419921875,0.041667
1.590705,-1.15473828125,-0.816625976563,-0.023408203125,1.6798125,-0.0072421875,0.607583984375,-0.00419921875,0.041667
1.600688,-1.16008886719,-0.81415625,-0.023408203125,1.6780703125,-0.0074482421875,0.607583984375,-0.0044189453125,0.041667
1.610649,-1.16544628906,-0.811790039063,-0.023408203125,1.67648242188,-0.0072421875,0.607583984375,-0.0044189453125,0.041667
1.620659,-1.17081054688,-0.8094296875,-0.023408203125,1.67488574219,-0.0072421875,0.607583984375,-0.0044189453125,0.041667
1.630638,-1.17616894531,-0.806959960937,-0.023263671875,1.67328808594,-0.0072421875,0.607583984375,-0.0044189453125,0.041667
1.640727,-1.18141699219,-0.804489257813,-0.023408203125,1.67155566406,-0.00703515625,0.607583984375,-0.0044189453125,0.041667
1.650639,-1.186671875,-0.80201953125,-0.023408203125,1.66995898438,-0.00703515625,0.607376953125,-0.0044189453125,0.041667
1.660675,-1.19202929687,-0.799549804688,-0.023263671875,1.66836132813,-0.00703515625,0.607376953125,-0.0044189453125,0.041667
1.670641,-1.19728417969,-0.797080078125,-0.023263671875,1.6667734375,-0.00703515625,0.607376953125,-0.0044189453125,0.041667
1.680629,-1.2025390625,-0.794610351563,-0.023263671875,1.6653203125,-0.0072421875,0.607376953125,-0.0044189453125,0.041667
1.690639,-1.20779394531,-0.792038085938,-0.023408203125,1.66372363281,-0.0074482421875,0.607376953125,-0.0044189453125,0.041667
1.700692,-1.21315136719,-0.789568359375,-0.023263671875,1.66227929687,-0.0074482421875,0.607583984375,-0.0044189453125,0.041667
1.710685,-1.21840625,-0.78709765625,-0.023263671875,1.66082714844,-0.0072421875,0.607583984375,-0.00419921875,0.041667
1.720663,-1.22355175781,-0.784422851563,-0.023263671875,1.6593828125,-0.0072421875,0.607583984375,-0.00419921875,0.041667
1.730668,-1.228703125,-0.781849609375,-0.023408203125,1.65793066406,-0.00703515625,0.607583984375,-0.00419921875,0.041667
1.740733,-1.23385546875,-0.779078125,-0.023263671875,1.65633300781,-0.00703515625,0.607583984375,-0.00419921875,0.041667
1.750691,-1.23911035156,-0.77640234375,-0.023263671875,1.65488964844,-0.0068291015625,0.607583984375,-0.00419921875,0.041667
1.760664,-1.24415234375,-0.7737265625,-0.023263671875,1.65343652344,-0.0068291015625,0.607583984375,-0.00419921875,0.041667
1.770666,-1.2493046875,-0.77105078125,-0.023263671875,1.651984375,-0.0068291015625,0.607583984375,-0.00419921875,0.041667
1.781734,-1.25445605469,-0.768375976563,-0.023263671875,1.65068457031,-0.00703515625,0.607583984375,-0.00419921875,0.041667
1.790734,-1.25950488281,-0.76559765625,-0.023263671875,1.64937597656,-0.00703515625,0.607583984375,-0.00419921875,0.041667
1.800775,-1.26454785156,-0.762819335937,-0.023263671875,1.64793261719,-0.00703515625,0.607583984375,-0.00419921875,0.041667
1.810628,-1.26959667969,-0.760041015625,-0.023263671875,1.64647949219,-0.00703515625,0.607376953125,-0.00419921875,0.041667
1.820632,-1.27464550781,-0.757159179688,-0.023263671875,1.64518066406,-0.0066220703125,0.607376953125,-0.00419921875,0.041667
1.830588,-1.27959179687,-0.754380859375,-0.023119140625,1.64358300781,-0.0064150390625,0.607170898438,-0.00419921875,0.041667
1.840614,-1.28463378906,-0.751602539062,-0.022974609375,1.64213085937,-0.0064150390625,0.606963867187,-0.00419921875,0.041667
1.850617,-1.28968359375,-0.748720703125,-0.022974609375,1.64054199219,-0.0064150390625,0.606963867187,-0.00419921875,0.041667
1.860743,-1.29473242188,-0.745942382813,-0.0228310546875,1.6389453125,-0.0064150390625,0.606963867187,-0.0044189453125,0.041667
1.870645,-1.29977441406,-0.743163085938,-0.0226865234375,1.63720410156,-0.0064150390625,0.606963867187,-0.0044189453125,0.041667
1.881070,-1.30461132813,-0.740288085937,-0.0226865234375,1.63546191406,-0.0064150390625,0.606963867187,-0.0044189453125,0.041667
1.890639,-1.30955761719,-0.737509765625,-0.0226865234375,1.63372949219,-0.0064150390625,0.6067578125,-0.0044189453125,0.041667
1.900606,-1.31440039062,-0.73462890625,-0.0225419921875,1.63198828125,-0.0064150390625,0.606963867187,-0.0044189453125,0.041667
1.910608,-1.31924316406,-0.731747070312,-0.0226865234375,1.63010253906,-0.0064150390625,0.606963867187,-0.0044189453125,0.041667
1.920574,-1.32418359375,-0.728865234375,-0.0226865234375,1.62807226562,-0.0066220703125,0.606963867187,-0.0044189453125,0.041667
1.930524,-1.32901953125,-0.725880859375,-0.0226865234375,1.62618652344,-0.0066220703125,0.606963867187,-0.0044189453125,0.041667
1.940547,-1.33396582031,-0.723,-0.0226865234375,1.62415625,-0.0066220703125,0.607170898438,-0.0044189453125,0.041667
1.950548,-1.33932324219,-0.720118164062,-0.0226865234375,1.62213476563,-0.0066220703125,0.606963867187,-0.0044189453125,0.041667
1.960581,-1.34426953125,-0.717237304688,-0.0226865234375,1.62010449219,-0.0066220703125,0.607170898438,-0.0044189453125,0.041667
1.970573,-1.34920898437,-0.714458007813,-0.0225419921875,1.61821875,-0.0066220703125,0.606963867187,-0.0044189453125,0.041667
1.980597,-1.35425195312,-0.711577148437,-0.0223974609375,1.61618847656,-0.0066220703125,0.606963867187,-0.0044189453125,0.041667
1.990623,-1.3589921875,-0.7086953125,-0.0223974609375,1.61415820312,-0.0066220703125,0.607170898438,-0.0044189453125,0.041667
2.000616,-1.36383496094,-0.705807617187,-0.0223974609375,1.61212792969,-0.0064150390625,0.606963867187,-0.0044189453125,0.041667
2.010596,-1.36866503906,-0.703029296875,-0.0222529296875,1.61024121094,-0.0064150390625,0.606963867187,-0.0044189453125,0.041667
2.020660,-1.37340527344,-0.700147460938,-0.0221083984375,1.6082109375,-0.0064150390625,0.606963867187,-0.00419921875,0.041667
2.030618,-1.37824902344,-0.697369140625,-0.02196484375,1.60619042969,-0.006208984375,0.606963867187,-0.00419921875,0.041667
2.040625,-1.38287988281,-0.694693359375,-0.0218203125,1.6043046875,-0.006208984375,0.606963867187,-0.00419921875,0.041667
2.050617,-1.38761328125,-0.691915039062,-0.02167578125,1.60227441406,-0.0064150390625,0.607170898438,-0.00419921875,0.041667
2.060617,-1.39225097656,-0.689239257812,-0.02153125,1.60038769531,-0.0064150390625,0.606963867187,-0.0044189453125,0.041667
2.070668,-1.39677929687,-0.6865703125,-0.02153125,1.59835742188,-0.006208984375,0.606963867187,-0.0044189453125,0.041667
2.080604,-1.40131347656,-0.683791992187,-0.02153125,1.59632714844,-0.0064150390625,0.606963867187,-0.0044189453125,0.041667
2.090627,-1.40584082031,-0.681116210937,-0.02138671875,1.594296875,-0.0064150390625,0.6067578125,-0.0044189453125,0.041667
2.100615,-1.41047167969,-0.678337890625,-0.0212421875,1.59212304688,-0.0064150390625,0.606963867187,-0.0044189453125,0.041667
2.110599,-1.41489746094,-0.67555859375,-0.0212421875,1.58994824219,-0.006208984375,0.606963867187,-0.0044189453125,0.041667
2.120628,-1.41932910156,-0.672883789063,-0.0210888671875,1.5877734375,-0.006208984375,0.6067578125,-0.00419921875,0.041667
2.130606,-1.42386328125,-0.670208007813,-0.0210888671875,1.58559863281,-0.006208984375,0.606963867187,-0.00419921875,0.041667
2.140623,-1.42828125,-0.667634765625,-0.0210888671875,1.58327929688,-0.0064150390625,0.606963867187,-0.00419921875,0.041667
2.150598,-1.43261035156,-0.664958984375,-0.0210888671875,1.58110546875,-0.0064150390625,0.606963867187,-0.00419921875,0.041667
2.160605,-1.43693261719,-0.66238671875,-0.0212421875,1.57878613281,-0.0066220703125,0.606963867187,-0.00419921875,0.041667
2.170615,-1.44115136719,-0.659916992187,-0.0212421875,1.57661132813,-0.0066220703125,0.607170898438,-0.00419921875,0.041667
2.180617,-1.44548046875,-0.657447265625,-0.0212421875,1.57443652344,-0.0066220703125,0.607170898438,-0.00419921875,0.041667
2.190632,-1.44979589844,-0.65518359375,-0.0212421875,1.57226171875,-0.0066220703125,0.607170898438,-0.00419921875,0.041667
2.200603,-1.45402148437,-0.65281640625,-0.0212421875,1.57023144531,-0.0066220703125,0.607170898438,-0.00419921875,0.041667
2.210610,-1.45824121094,-0.650655273437,-0.0210888671875,1.56820117187,-0.0066220703125,0.607170898438,-0.00419921875,0.041667
2.220612,-1.46246679688,-0.648494140625,-0.0210888671875,1.56617089844,-0.0066220703125,0.607170898438,-0.00419921875,0.041667
2.230588,-1.46658300781,-0.646435546875,-0.0210888671875,1.56428515625,-0.0068291015625,0.607170898438,-0.00419921875,0.041667
2.240597,-1.47079589844,-0.644377929687,-0.0210888671875,1.56225488281,-0.0068291015625,0.607170898438,-0.00419921875,0.041667
2.250603,-1.47491894531,-0.642422851563,-0.0212421875,1.56036914062,-0.0068291015625,0.607170898438,-0.00419921875,0.041667
2.260622,-1.47893164062,-0.640466796875,-0.0212421875,1.5584921875,-0.0068291015625,0.607170898438,-0.00419921875,0.041667
2.270674,-1.4830546875,-0.63851171875,-0.0210888671875,1.55660644531,-0.0068291015625,0.606963867187,-0.00419921875,0.041667
2.280595,-1.48706835938,-0.636556640625,-0.0210888671875,1.55472070313,-0.0066220703125,0.606963867187,-0.00419921875,0.041667
2.292019,-1.49097851562,-0.6346015625,-0.0212421875,1.55283496094,-0.0066220703125,0.606963867187,-0.00419921875,0.041667
2.300632,-1.49499902344,-0.632749023437,-0.0212421875,1.55109277344,-0.0068291015625,0.606963867187,-0.00419921875,0.041667
2.310600,-1.49890917969,-0.630896484375,-0.0212421875,1.5493515625,-0.0068291015625,0.606963867187,-0.00419921875,0.041667
2.320627,-1.50281933594,-0.629043945312,-0.0212421875,1.54761035156,-0.0068291015625,0.606963867187,-0.00419921875,0.041667
2.330607,-1.50673632812,-0.627294921875,-0.02138671875,1.54602246094,-0.00703515625,0.606963867187,-0.00419921875,0.041667
2.340597,-1.510640625,-0.6256484375,-0.0212421875,1.54442480469,-0.00703515625,0.6067578125,-0.00419921875,0.041667
2.350578,-1.51455175781,-0.624001953125,-0.0212421875,1.54297167969,-0.00703515625,0.6067578125,-0.00419921875,0.041667
2.360622,-1.51846777344,-0.62235546875,-0.0212421875,1.541375,-0.00703515625,0.6067578125,-0.00419921875,0.041667
2.370608,-1.52227539062,-0.620811523438,-0.0212421875,1.53993164063,-0.00703515625,0.6067578125,-0.00419921875,0.041667
2.380625,-1.52618652344,-0.61937109375,-0.0210888671875,1.53847851563,-0.00703515625,0.60655078125,-0.00419921875,0.041667
2.390596,-1.53009082031,-0.618033203125,-0.0210888671875,1.53702539062,-0.00703515625,0.6067578125,-0.00419921875,0.041667
2.400624,-1.53390429688,-0.6166953125,-0.0210888671875,1.5357265625,-0.0068291015625,0.6067578125,-0.00419921875,0.041667
2.410614,-1.53771191406,-0.615357421875,-0.0212421875,1.5342734375,-0.0068291015625,0.60655078125,-0.00419921875,0.041667
2.420623,-1.54151953125,-0.614123046875,-0.0212421875,1.53296484375,-0.00703515625,0.60655078125,-0.00419921875,0.041667
2.430630,-1.54532714844,-0.612887695312,-0.0212421875,1.53165625,-0.00703515625,0.6067578125,-0.00419921875,0.041667
2.440627,-1.54913476563,-0.611755859375,-0.0212421875,1.53034863281,-0.0072421875,0.6067578125,-0.00419921875,0.041667
2.450662,-1.55294238281,-0.610624023437,-0.02138671875,1.52918457031,-0.0074482421875,0.6067578125,-0.00419921875,0.041667
2.460700,-1.55675,-0.609594726563,-0.02138671875,1.52802929687,-0.0074482421875,0.6067578125,-0.00419921875,0.041667
2.470689,-1.56066113281,-0.60866796875,-0.02138671875,1.52686523437,-0.0074482421875,0.6067578125,-0.00419921875,0.041667
2.480602,-1.56446875,-0.607844726562,-0.02138671875,1.52585449219,-0.0074482421875,0.6067578125,-0.00419921875,0.041667
2.490651,-1.56828222656,-0.607021484375,-0.02153125,1.52469042969,-0.0074482421875,0.6067578125,-0.00419921875,0.041667
2.500297,-1.57208398438,-0.606198242187,-0.02153125,1.5236796875,-0.0076552734375,0.6067578125,-0.00419921875,0.041667
2.510441,-1.57599414062,-0.605478515625,-0.02138671875,1.5228046875,-0.0076552734375,0.6067578125,-0.00419921875,0.041667
2.520508,-1.57980175781,-0.604860351562,-0.02138671875,1.52179394531,-0.0076552734375,0.6067578125,-0.00419921875,0.041667
2.530534,-1.583609375,-0.604243164063,-0.02138671875,1.52091894531,-0.0076552734375,0.6067578125,-0.00419921875,0.041667
2.540699,-1.58741699219,-0.60383203125,-0.02138671875,1.52005273438,-0.007861328125,0.60655078125,-0.00419921875,0.041667
2.550649,-1.59132714844,-0.603419921875,-0.02138671875,1.51933105469,-0.007861328125,0.6067578125,-0.00419921875,0.041667
2.560693,-1.59523828125,-0.603008789062,-0.02138671875,1.51874414062,-0.007861328125,0.6067578125,-0.00419921875,0.041667
2.570835,-1.59904589844,-0.602596679687,-0.02138671875,1.51802246094,-0.007861328125,0.60655078125,-0.00419921875,0.041667
2.580772,-1.60285351562,-0.602288085938,-0.02153125,1.51758886719,-0.0080556640625,0.60655078125,-0.00419921875,0.041667
2.590330,-1.6068671875,-0.60208203125,-0.02138671875,1.51701171875,-0.00826171875,0.60655078125,-0.00419921875,0.041667
2.600500,-1.61066796875,-0.6017734375,-0.02138671875,1.51656933594,-0.00846875,0.60655078125,-0.00419921875,0.041667
2.610501,-1.61447558594,-0.601567382812,-0.02153125,1.51613671875,-0.0088818359375,0.60655078125,-0.00419921875,0.041667
2.620542,-1.61828320313,-0.601362304687,-0.02153125,1.51584765625,-0.009294921875,0.60655078125,-0.00419921875,0.041667
2.630517,-1.62220019531,-0.601258789062,-0.02153125,1.515703125,-0.0095009765625,0.60655078125,-0.00419921875,0.041667
2.640551,-1.62611035156,-0.60115625,-0.02153125,1.515703125,-0.0097080078125,0.6067578125,-0.00419921875,0.041667
2.650548,-1.62991796875,-0.600950195313,-0.02167578125,1.51555859375,-0.0099013671875,0.6067578125,-0.00419921875,0.041667
2.660714,-1.63382226563,-0.60084765625,-0.02167578125,1.51555859375,-0.010314453125,0.60655078125,-0.00419921875,0.041667
2.670666,-1.63762988281,-0.600744140625,-0.02167578125,1.51555859375,-0.010521484375,0.60655078125,-0.00419921875,0.041667
2.680672,-1.64154003906,-0.6005390625,-0.02153125,1.515703125,-0.0107275390625,0.60655078125,-0.00419921875,0.041667
2.690598,-1.64534765625,-0.600223632813,-0.02167578125,1.515703125,-0.0109345703125,0.60655078125,-0.00419921875,0.041667
2.701702,-1.64905273438,-0.599915039062,-0.02167578125,1.515703125,-0.011140625,0.60634375,-0.0044189453125,0.041667
2.710608,-1.65295703125,-0.599502929687,-0.02167578125,1.51555859375,-0.01134765625,0.60634375,-0.0044189453125,0.041667
2.720601,-1.65676464844,-0.599091796875,-0.02153125,1.51555859375,-0.01134765625,0.60634375,-0.0044189453125,0.041667
2.730580,-1.66057226562,-0.598577148437,-0.02167578125,1.51555859375,-0.01134765625,0.60634375,-0.00419921875,0.041667
2.740597,-1.66437988281,-0.5980625,-0.02167578125,1.5154140625,-0.01134765625,0.60634375,-0.00419921875,0.041667
2.750611,-1.6681875,-0.5974453125,-0.02153125,1.5154140625,-0.01134765625,0.60634375,-0.00419921875,0.041667
2.760614,-1.67199511719,-0.596827148437,-0.02153125,1.5154140625,-0.011140625,0.60634375,-0.00419921875,0.041667
2.770601,-1.67569335938,-0.59600390625,-0.02153125,1.5154140625,-0.011140625,0.606137695312,-0.00419921875,0.041667
2.780625,-1.6793984375,-0.595180664063,-0.02153125,1.51527050781,-0.011140625,0.605930664062,-0.0044189453125,0.041667
2.790671,-1.68320605469,-0.594254882813,-0.02153125,1.51527050781,-0.01134765625,0.605930664062,-0.0044189453125,0.041667
2.800624,-1.68691015625,-0.593225585937,-0.02153125,1.51512597656,-0.011140625,0.605930664062,-0.0044189453125,0.041667
2.810603,-1.69061523438,-0.592196289062,-0.02167578125,1.51498144531,-0.011140625,0.605930664062,-0.0044189453125,0.041667
2.820613,-1.69431347656,-0.591064453125,-0.02167578125,1.51498144531,-0.011140625,0.605930664062,-0.0044189453125,0.041667
2.830588,-1.69812109375,-0.5897265625,-0.0218203125,1.51468359375,-0.011140625,0.606137695312,-0.00419921875,0.041667
2.840606,-1.70192871094,-0.588388671875,-0.02167578125,1.5145390625,-0.0109345703125,0.606137695312,-0.00419921875,0.041667
2.850623,-1.7056328125,-0.586948242187,-0.02167578125,1.51439453125,-0.0109345703125,0.605930664062,-0.00419921875,0.041667
2.860608,-1.70944042969,-0.585404296875,-0.02167578125,1.51410644531,-0.0109345703125,0.605930664062,-0.00419921875,0.041667
2.870670,-1.71314550781,-0.583861328125,-0.02167578125,1.51396191406,-0.0109345703125,0.605930664062,-0.00419921875,0.041667
2.880599,-1.71694726562,-0.58221484375,-0.02153125,1.51367285156,-0.0107275390625,0.605724609375,-0.00419921875,0.041667
2.890595,-1.72075488281,-0.580568359375,-0.02153125,1.51338378906,-0.0107275390625,0.605724609375,-0.00419921875,0.041667
2.900610,-1.72445898438,-0.578818359375,-0.02138671875,1.51309570313,-0.0107275390625,0.605724609375,-0.00419921875,0.041667
2.910632,-1.72815722656,-0.577069335937,-0.02138671875,1.51265332031,-0.0107275390625,0.605517578125,-0.00419921875,0.041667
2.920600,-1.73196484375,-0.575216796875,-0.02138671875,1.51207617187,-0.010521484375,0.605517578125,-0.00419921875,0.041667
2.930637,-1.73556054687,-0.57326171875,-0.02138671875,1.51149804687,-0.010314453125,0.605517578125,-0.00419921875,0.041667
2.940635,-1.73926464844,-0.571306640625,-0.02138671875,1.51092089844,-0.010314453125,0.605517578125,-0.00419921875,0.041667
2.950626,-1.7428671875,-0.569454101562,-0.02138671875,1.51019042969,-0.010314453125,0.605517578125,-0.00419921875,0.041667
2.960625,-1.74657128906,-0.5676015625,-0.0212421875,1.50946777344,-0.010314453125,0.605517578125,-0.00419921875,0.041667
2.970606,-1.7500703125,-0.565646484375,-0.0212421875,1.50859277344,-0.010314453125,0.605517578125,-0.00419921875,0.041667
2.980598,-1.75356933594,-0.56369140625,-0.0210888671875,1.50758203125,-0.010314453125,0.605517578125,-0.00419921875,0.041667
2.990604,-1.75706152344,-0.561838867187,-0.0209443359375,1.50670703125,-0.010314453125,0.605517578125,-0.00419921875,0.041667
3.000601,-1.7605546875,-0.559986328125,-0.0209443359375,1.50569628906,-0.010314453125,0.605517578125,-0.00419921875,0.041667
3.011279,-1.76395019531,-0.55803125,-0.02080078125,1.50453222656,-0.0101083984375,0.605517578125,-0.00419921875,0.041667
3.020612,-1.76724316406,-0.556178710938,-0.02080078125,1.50337695313,-0.0101083984375,0.605517578125,-0.00419921875,0.041667
3.030607,-1.77063964844,-0.554326171875,-0.02080078125,1.50221289063,-0.0101083984375,0.605517578125,-0.00419921875,0.041667
3.040633,-1.77393261719,-0.552473632812,-0.02080078125,1.50105859375,-0.0101083984375,0.605517578125,-0.00419921875,0.041667
3.050572,-1.77712304687,-0.55062109375,-0.02080078125,1.49975,-0.010314453125,0.605724609375,-0.00419921875,0.041667
3.060636,-1.78040234375,-0.54876953125,-0.02080078125,1.49844140625,-0.010314453125,0.605724609375,-0.00419921875,0.041667
3.070683,-1.78359277344,-0.546916992188,-0.0209443359375,1.49714257813,-0.010314453125,0.605517578125,-0.00419921875,0.041667
3.080609,-1.78678320312,-0.545064453125,-0.0209443359375,1.49583398437,-0.010314453125,0.605517578125,-0.00419921875,0.041667
3.090504,-1.78997363281,-0.543315429688,-0.02080078125,1.49452539063,-0.010314453125,0.605724609375,-0.00419921875,0.041667
3.100289,-1.79306054688,-0.541462890625,-0.02080078125,1.49322558594,-0.010314453125,0.605724609375,-0.00419921875,0.041667
3.111236,-1.79614746094,-0.5395078125,-0.02080078125,1.4917734375,-0.010314453125,0.605517578125,-0.00419921875,0.041667
3.120522,-1.79911914063,-0.5377578125,-0.02080078125,1.4903203125,-0.010314453125,0.605517578125,-0.00419921875,0.041667
3.130525,-1.80210351563,-0.535905273438,-0.0209443359375,1.48902148438,-0.010314453125,0.605517578125,-0.00419921875,0.041667
3.140600,-1.80508789063,-0.534046875,-0.0209443359375,1.48756835937,-0.010314453125,0.605517578125,-0.00419921875,0.041667
3.150567,-1.80796972656,-0.532091796875,-0.0209443359375,1.48611523437,-0.010314453125,0.605517578125,-0.00419921875,0.041667
3.160603,-1.81085058594,-0.530239257813,-0.02080078125,1.48466308594,-0.010314453125,0.605517578125,-0.00419921875,0.041667
3.170562,-1.81372558594,-0.52838671875,-0.02080078125,1.48321875,-0.010314453125,0.605517578125,-0.00419921875,0.041667
3.180580,-1.81660742187,-0.526431640625,-0.02080078125,1.48176660156,-0.010314453125,0.605517578125,-0.00419921875,0.041667
3.190551,-1.81938574219,-0.524579101562,-0.02080078125,1.48016894531,-0.010314453125,0.605311523438,-0.00419921875,0.041667
3.200594,-1.82215820313,-0.5227265625,-0.02080078125,1.47871582031,-0.0101083984375,0.605311523438,-0.00419921875,0.041667
3.210605,-1.82483398438,-0.520875,-0.02065625,1.47727246094,-0.0101083984375,0.605311523438,-0.00419921875,0.041667
3.220617,-1.82761230469,-0.519022460938,-0.02065625,1.47567578125,-0.010314453125,0.605517578125,-0.00419921875,0.041667
3.230595,-1.83028125,-0.517067382812,-0.02051171875,1.474078125,-0.010314453125,0.605311523438,-0.00419921875,0.041667
3.240649,-1.83285449219,-0.51521484375,-0.02051171875,1.47262597656,-0.010314453125,0.605311523438,-0.00419921875,0.041667
3.250656,-1.83542675781,-0.513362304687,-0.0203671875,1.47102832031,-0.010314453125,0.605104492187,-0.00419921875,0.041667
3.260625,-1.83799902344,-0.511612304687,-0.02022265625,1.46943164063,-0.010314453125,0.605104492187,-0.00419921875,0.041667
3.270619,-1.84046972656,-0.509760742188,-0.020078125,1.46769824219,-0.010314453125,0.605311523438,-0.00419921875,0.041667
3.280676,-1.84302929687,-0.507908203125,-0.0199345703125,1.4661015625,-0.0101083984375,0.605104492187,-0.00419921875,0.041667
3.290548,-1.84549902344,-0.506055664063,-0.0199345703125,1.46436035156,-0.0101083984375,0.605104492187,-0.00419921875,0.041667
3.300495,-1.84786621094,-0.504299804688,-0.0197900390625,1.46247460938,-0.0101083984375,0.605104492187,-0.00419921875,0.041667
3.310546,-1.85023242187,-0.502447265625,-0.0196455078125,1.46058789063,-0.010314453125,0.605104492187,-0.0044189453125,0.041667
3.320658,-1.85259960937,-0.500594726563,-0.0196455078125,1.45870214844,-0.010314453125,0.605104492187,-0.00419921875,0.041667
3.330595,-1.85495996094,-0.498743164063,-0.0195009765625,1.45681640625,-0.0101083984375,0.605104492187,-0.0044189453125,0.041667
3.340621,-1.85722363281,-0.496890625,-0.0193564453125,1.45478613281,-0.010314453125,0.605104492187,-0.0044189453125,0.041667
3.350590,-1.85948828125,-0.494935546875,-0.0193564453125,1.45275585938,-0.010314453125,0.605104492187,-0.0044189453125,0.041667
3.360615,-1.86164941406,-0.492979492187,-0.0193564453125,1.45072558594,-0.010314453125,0.605104492187,-0.0044189453125,0.041667
3.370606,-1.86381054687,-0.490921875,-0.0193564453125,1.4486953125,-0.0101083984375,0.605104492187,-0.0044189453125,0.041667
3.380711,-1.86585546875,-0.488966796875,-0.0193564453125,1.44651171875,-0.010314453125,0.605104492187,-0.0044189453125,0.041667
3.390778,-1.86801660156,-0.486908203125,-0.0192119140625,1.44433691406,-0.010314453125,0.605104492187,-0.0044189453125,0.041667
3.400358,-1.87007519531,-0.484953125,-0.0192119140625,1.44216210937,-0.0101083984375,0.605104492187,-0.00419921875,0.041667
3.410429,-1.8721328125,-0.48289453125,-0.019068359375,1.43984375,-0.0101083984375,0.605104492187,-0.00419921875,0.041667
3.421732,-1.87419140625,-0.480733398438,-0.019068359375,1.43766894531,-0.0101083984375,0.605104492187,-0.00419921875,0.041667
3.430444,-1.87613964844,-0.478668945312,-0.019068359375,1.43549414062,-0.0101083984375,0.605104492187,-0.00419921875,0.041667
3.440519,-1.8779921875,-0.4765078125,-0.019068359375,1.43316601562,-0.0101083984375,0.605311523438,-0.00419921875,0.041667
3.450546,-1.87994726563,-0.474346679687,-0.019068359375,1.43099121094,-0.0101083984375,0.605104492187,-0.00419921875,0.041667
3.460573,-1.88179980469,-0.472185546875,-0.018923828125,1.42881640625,-0.0101083984375,0.605104492187,-0.00419921875,0.041667
3.470641,-1.88365234375,-0.470024414063,-0.018923828125,1.42649804687,-0.0101083984375,0.605104492187,-0.00419921875,0.041667
3.480620,-1.88550488281,-0.467966796875,-0.018779296875,1.42417871094,-0.0101083984375,0.605104492187,-0.00419921875,0.041667
3.490632,-1.88724121094,-0.465805664063,-0.018634765625,1.42199511719,-0.0101083984375,0.605104492187,-0.00419921875,0.041667
3.500637,-1.88899023438,-0.463747070313,-0.018490234375,1.41967578125,-0.0101083984375,0.605104492187,-0.00419921875,0.041667
3.510616,-1.89063671875,-0.4615859375,-0.018345703125,1.41750097656,-0.0099013671875,0.605104492187,-0.00419921875,0.041667
3.521981,-1.89228417969,-0.459528320313,-0.018345703125,1.41532714844,-0.0099013671875,0.605104492187,-0.00419921875,0.041667
3.530601,-1.89393066406,-0.457469726563,-0.018201171875,1.4130078125,-0.0099013671875,0.605104492187,-0.00419921875,0.041667
3.540616,-1.89546777344,-0.455412109375,-0.0179130859375,1.41082421875,-0.0099013671875,0.605104492187,-0.00419921875,0.041667
3.550664,-1.89701074219,-0.453250976563,-0.0177685546875,1.40864941406,-0.0099013671875,0.605311523438,-0.00419921875,0.041667
3.560695,-1.8985546875,-0.45108984375,-0.0177685546875,1.40647460938,-0.0097080078125,0.605104492187,-0.00419921875,0.041667
3.570640,-1.89999511719,-0.448928710937,-0.0174794921875,1.40415625,-0.0099013671875,0.605104492187,-0.00419921875,0.041667
3.580676,-1.90143652344,-0.446767578125,-0.017326171875,1.401828125,-0.0099013671875,0.605104492187,-0.00419921875,0.041667
3.590646,-1.90277441406,-0.44450390625,-0.017326171875,1.39950878906,-0.0097080078125,0.605104492187,-0.00419921875,0.041667
3.600651,-1.90411132812,-0.442239257813,-0.017181640625,1.39718945312,-0.0099013671875,0.605104492187,-0.00419921875,0.041667
3.610614,-1.90533984375,-0.43996875,-0.0170380859375,1.39487109375,-0.0099013671875,0.605104492187,-0.00419921875,0.041667
3.620613,-1.90667773438,-0.437705078125,-0.0168935546875,1.39254296875,-0.0099013671875,0.605104492187,-0.00419921875,0.041667
3.630616,-1.90791308594,-0.43544140625,-0.0168935546875,1.39007910156,-0.0097080078125,0.605104492187,-0.00419921875,0.041667
3.640643,-1.90903808594,-0.43307421875,-0.0168935546875,1.38761621094,-0.0099013671875,0.605104492187,-0.00419921875,0.041667
3.650598,-1.91017089844,-0.43070703125,-0.0168935546875,1.38528808594,-0.0099013671875,0.605104492187,-0.00419921875,0.041667
3.660625,-1.91130273437,-0.428237304687,-0.0168935546875,1.38282421875,-0.0097080078125,0.605104492187,-0.00419921875,0.041667
3.670661,-1.91243457031,-0.425767578125,-0.0168935546875,1.38036132813,-0.0097080078125,0.605104492187,-0.00419921875,0.041667
3.680587,-1.91346386719,-0.423297851562,-0.0168935546875,1.37774414062,-0.0099013671875,0.605104492187,-0.0044189453125,0.041667
3.690650,-1.91448632812,-0.420930664063,-0.0168935546875,1.37528125,-0.0099013671875,0.605104492187,-0.0044189453125,0.041667
3.700526,-1.91541210938,-0.4184609375,-0.0167490234375,1.3726640625,-0.0099013671875,0.605104492187,-0.0044189453125,0.041667
3.710427,-1.91644140625,-0.416087890625,-0.0167490234375,1.37020019531,-0.0099013671875,0.605104492187,-0.0044189453125,0.041667
3.720422,-1.91726464844,-0.413720703125,-0.0168935546875,1.36773730469,-0.0099013671875,0.605104492187,-0.0044189453125,0.041667
3.731399,-1.91819140625,-0.411354492187,-0.0168935546875,1.36512011719,-0.0099013671875,0.605104492187,-0.0044189453125,0.041667
3.740539,-1.91901464844,-0.409083984375,-0.0168935546875,1.36265722656,-0.0099013671875,0.605104492187,-0.0044189453125,0.041667
3.750701,-1.91994042969,-0.406716796875,-0.0168935546875,1.36018457031,-0.0099013671875,0.605311523438,-0.00419921875,0.041667
3.760444,-1.92066113281,-0.404349609375,-0.0170380859375,1.35757714844,-0.0099013671875,0.605311523438,-0.00419921875,0.041667
3.770336,-1.921484375,-0.401879882812,-0.0170380859375,1.35524902344,-0.0099013671875,0.605311523438,-0.00419921875,0.041667
3.780501,-1.92220410156,-0.399512695312,-0.0170380859375,1.35278515625,-0.0099013671875,0.605311523438,-0.00419921875,0.041667
3.790494,-1.92302148437,-0.397146484375,-0.0170380859375,1.35032226563,-0.0099013671875,0.605311523438,-0.00419921875,0.041667
3.800553,-1.92374121094,-0.394779296875,-0.0170380859375,1.34799414063,-0.0099013671875,0.605311523438,-0.00419921875,0.041667
3.810494,-1.92446191406,-0.392412109375,-0.0170380859375,1.34553027344,-0.0099013671875,0.605311523438,-0.00419921875,0.041667
3.820512,-1.92528515625,-0.389942382812,-0.0170380859375,1.34321191406,-0.0099013671875,0.605311523438,-0.00419921875,0.041667
3.831328,-1.92600585938,-0.387576171875,-0.0170380859375,1.34073925781,-0.0099013671875,0.605311523438,-0.00419921875,0.041667
3.840468,-1.92672558594,-0.38510546875,-0.0170380859375,1.33827539063,-0.0099013671875,0.605104492187,-0.0044189453125,0.041667
3.850500,-1.92734375,-0.382629882812,-0.0170380859375,1.33580371094,-0.0099013671875,0.605104492187,-0.0044189453125,0.041667
3.860506,-1.92806347656,-0.380262695313,-0.0170380859375,1.33333984375,-0.0099013671875,0.605104492187,-0.0044189453125,0.041667
3.870493,-1.92878417969,-0.37779296875,-0.0168935546875,1.33087695312,-0.0099013671875,0.605104492187,-0.0044189453125,0.041667
3.880530,-1.92950488281,-0.375323242188,-0.0168935546875,1.32840429688,-0.0099013671875,0.605104492187,-0.0044189453125,0.041667
3.890530,-1.93022460937,-0.372956054687,-0.0168935546875,1.32594042969,-0.0099013671875,0.605104492187,-0.0044189453125,0.041667
3.900496,-1.93082910156,-0.37058984375,-0.0168935546875,1.32332421875,-0.0099013671875,0.605104492187,-0.0044189453125,0.041667
3.910449,-1.93154980469,-0.368325195313,-0.0168935546875,1.32086035156,-0.0099013671875,0.605104492187,-0.0044189453125,0.041667
3.920461,-1.93227050781,-0.365958984375,-0.0168935546875,1.31824414063,-0.0099013671875,0.605104492187,-0.00419921875,0.041667
3.930530,-1.93288769531,-0.363694335938,-0.0168935546875,1.31563574219,-0.0099013671875,0.605104492187,-0.00419921875,0.041667
3.940439,-1.93350488281,-0.361533203125,-0.0168935546875,1.3131640625,-0.0099013671875,0.605104492187,-0.00419921875,0.041667
3.950482,-1.93422558594,-0.359366210937,-0.0168935546875,1.31055566406,-0.0099013671875,0.605104492187,-0.00419921875,0.041667
3.960466,-1.93484277344,-0.3571015625,-0.0168935546875,1.30793945312,-0.0099013671875,0.605104492187,-0.00419921875,0.041667
3.970483,-1.93556347656,-0.354940429688,-0.0168935546875,1.30547558594,-0.0097080078125,0.605104492187,-0.00419921875,0.041667
3.980468,-1.93618066406,-0.352779296875,-0.0168935546875,1.30285839844,-0.0097080078125,0.605104492187,-0.00419921875,0.041667
3.990488,-1.93690136719,-0.350619140625,-0.0168935546875,1.30025097656,-0.0097080078125,0.605104492187,-0.00419921875,0.041667
4.000461,-1.93751855469,-0.348458007813,-0.0168935546875,1.29749023438,-0.0097080078125,0.605104492187,-0.00419921875,0.041667
4.010512,-1.93823925781,-0.346399414063,-0.0168935546875,1.29487304688,-0.0097080078125,0.6048984375,-0.00419921875,0.041667
4.020561,-1.93884960938,-0.344340820313,-0.0167490234375,1.292265625,-0.0097080078125,0.6048984375,-0.00419921875,0.041667
4.031312,-1.93946777344,-0.342283203125,-0.0168935546875,1.28950390625,-0.0097080078125,0.605104492187,-0.00419921875,0.041667
4.040432,-1.94008496094,-0.340122070313,-0.0168935546875,1.28689648437,-0.0097080078125,0.605104492187,-0.00419921875,0.041667
4.050511,-1.9408046875,-0.338063476563,-0.0168935546875,1.28413574219,-0.0097080078125,0.605104492187,-0.00419921875,0.041667
4.060482,-1.94142285156,-0.335999023437,-0.0168935546875,1.28152734375,-0.0097080078125,0.605104492187,-0.00419921875,0.041667
4.070494,-1.94204003906,-0.333934570313,-0.0168935546875,1.27891113281,-0.0097080078125,0.605104492187,-0.00419921875,0.041667
4.080537,-1.94276074219,-0.331979492188,-0.0168935546875,1.27629394531,-0.0099013671875,0.605104492187,-0.00419921875,0.041667
4.090520,-1.94348046875,-0.329920898437,-0.0168935546875,1.27354199219,-0.0099013671875,0.605104492187,-0.00419921875,0.041667
4.100667,-1.94420117188,-0.327965820312,-0.0168935546875,1.27092480469,-0.0099013671875,0.605104492187,-0.00419921875,0.041667
4.110660,-1.944921875,-0.326010742187,-0.0168935546875,1.26831738281,-0.0101083984375,0.605311523438,-0.00419921875,0.041667
4.120412,-1.94564160156,-0.324158203125,-0.0168935546875,1.26570019531,-0.0099013671875,0.605311523438,-0.00419921875,0.041667
4.130464,-1.94636230469,-0.322305664062,-0.0168935546875,1.26308398437,-0.0101083984375,0.605311523438,-0.00419921875,0.041667
4.140488,-1.94707617188,-0.320454101562,-0.0168935546875,1.26047558594,-0.0101083984375,0.605311523438,-0.00419921875,0.041667
4.150521,-1.947796875,-0.318704101563,-0.0168935546875,1.25800390625,-0.0101083984375,0.605311523438,-0.00419921875,0.041667
4.160548,-1.94851660156,-0.316948242188,-0.0168935546875,1.25554003906,-0.0099013671875,0.605311523438,-0.00419921875,0.041667
4.170537,-1.94933984375,-0.31519921875,-0.0170380859375,1.25306738281,-0.0101083984375,0.605311523438,-0.00419921875,0.041667
4.180592,-1.95006054688,-0.31344921875,-0.0170380859375,1.25060449219,-0.0099013671875,0.605311523438,-0.00419921875,0.041667
4.190586,-1.95088378906,-0.311700195312,-0.0170380859375,1.24813183594,-0.0099013671875,0.605311523438,-0.00419921875,0.041667
4.200794,-1.95170703125,-0.309950195313,-0.0170380859375,1.24566796875,-0.0099013671875,0.605311523438,-0.00419921875,0.041667
4.210736,-1.9526328125,-0.308303710937,-0.0170380859375,1.24319628906,-0.0099013671875,0.605311523438,-0.00419921875,0.041667
4.220709,-1.95345019531,-0.3065546875,-0.0170380859375,1.24073242187,-0.0099013671875,0.605311523438,-0.00419921875,0.041667
4.230653,-1.95437597656,-0.304908203125,-0.0170380859375,1.23840429687,-0.0101083984375,0.605517578125,-0.00419921875,0.041667
4.241778,-1.95529589844,-0.30326171875,-0.0168935546875,1.2360859375,-0.0099013671875,0.605517578125,-0.00419921875,0.041667
4.250677,-1.95611914063,-0.301615234375,-0.0168935546875,1.23376660156,-0.0099013671875,0.605517578125,-0.00419921875,0.041667
4.260705,-1.95704492187,-0.29996875,-0.0168935546875,1.23158300781,-0.0099013671875,0.605517578125,-0.00419921875,0.041667
4.270669,-1.95797167969,-0.298315429688,-0.0167490234375,1.22940820312,-0.0099013671875,0.605517578125,-0.00419921875,0.041667
4.280700,-1.95879492188,-0.29656640625,-0.0168935546875,1.22723339844,-0.0099013671875,0.605517578125,-0.00419921875,0.041667
4.290743,-1.95961816406,-0.294918945313,-0.0168935546875,1.22519433594,-0.0099013671875,0.605517578125,-0.00419921875,0.041667
4.300668,-1.96054394531,-0.293272460937,-0.0168935546875,1.22301953125,-0.0099013671875,0.605724609375,-0.00419921875,0.041667
4.310682,-1.9613671875,-0.291625976562,-0.0168935546875,1.22098925781,-0.0095009765625,0.605724609375,-0.00419921875,0.041667
4.320681,-1.96218457031,-0.289979492188,-0.0168935546875,1.21895019531,-0.0095009765625,0.605724609375,-0.00419921875,0.041667
4.330633,-1.9630078125,-0.28823046875,-0.0168935546875,1.21691992187,-0.0095009765625,0.605724609375,-0.00419921875,0.041667
4.340684,-1.96372851562,-0.28648046875,-0.0168935546875,1.21503417969,-0.0095009765625,0.605724609375,-0.00419921875,0.041667
4.350655,-1.96455175781,-0.284731445312,-0.0168935546875,1.2131484375,-0.0095009765625,0.605724609375,-0.00419921875,0.041667
4.360642,-1.96527148438,-0.28287890625,-0.0170380859375,1.21126171875,-0.0095009765625,0.605724609375,-0.00419921875,0.041667
4.370622,-1.96609472656,-0.281129882813,-0.0170380859375,1.20952050781,-0.0095009765625,0.605724609375,-0.00419921875,0.041667
4.380707,-1.96702148438,-0.2794765625,-0.0170380859375,1.20777929688,-0.0095009765625,0.605724609375,-0.00419921875,0.041667
4.390649,-1.96794726563,-0.277727539062,-0.0170380859375,1.20602832031,-0.0095009765625,0.605724609375,-0.00419921875,0.041667
4.400718,-1.96887304687,-0.27618359375,-0.0170380859375,1.20428710938,-0.0095009765625,0.605724609375,-0.00419921875,0.041667
4.410667,-1.96979296875,-0.274639648437,-0.0168935546875,1.20268945313,-0.009294921875,0.605724609375,-0.00419921875,0.041667
4.420646,-1.97082226563,-0.273096679688,-0.0168935546875,1.20123730469,-0.009294921875,0.605724609375,-0.00419921875,0.041667
4.430621,-1.9718515625,-0.271655273438,-0.0168935546875,1.19963964844,-0.009294921875,0.605724609375,-0.00419921875,0.041667
4.440642,-1.97288085938,-0.27021484375,-0.0170380859375,1.19804296875,-0.009294921875,0.605724609375,-0.00419921875,0.041667
4.450618,-1.97390917969,-0.268876953125,-0.0170380859375,1.1964453125,-0.009294921875,0.605724609375,-0.00419921875,0.041667
4.460616,-1.97504199219,-0.267642578125,-0.0170380859375,1.19500195313,-0.009294921875,0.605724609375,-0.00419921875,0.041667
4.470626,-1.97627636719,-0.266407226562,-0.017181640625,1.19340527344,-0.009294921875,0.605724609375,-0.00419921875,0.041667
4.480637,-1.97739550781,-0.265172851562,-0.017181640625,1.19180761719,-0.0095009765625,0.605724609375,-0.00419921875,0.041667
4.490619,-1.97873339844,-0.264040039063,-0.017326171875,1.19035449219,-0.009294921875,0.605724609375,-0.00419921875,0.041667
4.500618,-1.97996875,-0.26290234375,-0.017326171875,1.1887578125,-0.009294921875,0.605724609375,-0.00419921875,0.041667
4.510749,-1.98130566406,-0.261873046875,-0.017326171875,1.1873046875,-0.0095009765625,0.605930664062,-0.00419921875,0.041667
4.520712,-1.98264355469,-0.26084375,-0.0174794921875,1.18585253906,-0.0095009765625,0.605930664062,-0.00419921875,0.041667
4.530687,-1.984078125,-0.25991796875,-0.0174794921875,1.18439941406,-0.0095009765625,0.605930664062,-0.00419921875,0.041667
4.540659,-1.98551855469,-0.258991210937,-0.0174794921875,1.18294628906,-0.0097080078125,0.606137695312,-0.00419921875,0.041667
4.551454,-1.98695996094,-0.25816796875,-0.017326171875,1.18163867188,-0.0095009765625,0.606137695312,-0.00419921875,0.041667
4.560693,-1.98840039063,-0.25744140625,-0.017326171875,1.18047460938,-0.0097080078125,0.606137695312,-0.00419921875,0.041667
4.570655,-1.98973828125,-0.256720703125,-0.017326171875,1.17931933594,-0.0097080078125,0.60634375,-0.0039931640625,0.041667
4.580690,-1.99117285156,-0.256000976562,-0.017181640625,1.17829980469,-0.0095009765625,0.60634375,-0.0039931640625,0.041667
4.590804,-1.99251074219,-0.2553828125,-0.017181640625,1.17743359375,-0.0095009765625,0.60634375,-0.0039931640625,0.041667
4.600681,-1.99384765625,-0.254663085937,-0.017181640625,1.17655761719,-0.0095009765625,0.60634375,-0.0039931640625,0.041667
4.610636,-1.99508300781,-0.2541484375,-0.017181640625,1.17582714844,-0.0095009765625,0.60634375,-0.0039931640625,0.041667
4.620715,-1.99631835938,-0.253633789063,-0.017181640625,1.17539453125,-0.0095009765625,0.606137695312,-0.0039931640625,0.041667
4.630654,-1.99754589844,-0.253119140625,-0.0170380859375,1.1749609375,-0.0095009765625,0.60634375,-0.0039931640625,0.041667
4.640708,-1.99867871094,-0.252604492187,-0.0170380859375,1.174671875,-0.0095009765625,0.60634375,-0.0039931640625,0.041667
4.651400,-1.99980371094,-0.252193359375,-0.0170380859375,1.17452734375,-0.0095009765625,0.60634375,-0.0039931640625,0.041667
4.660687,-2.00083300781,-0.25178125,-0.0170380859375,1.17452734375,-0.0097080078125,0.60634375,-0.0039931640625,0.041667
4.670703,-2.00186230469,-0.25147265625,-0.0170380859375,1.174671875,-0.0097080078125,0.60634375,-0.0039931640625,0.041667
4.680690,-2.00278808594,-0.251061523437,-0.0170380859375,1.17481640625,-0.0099013671875,0.60655078125,-0.0039931640625,0.041667
4.690671,-2.00360546875,-0.250649414063,-0.0170380859375,1.1749609375,-0.0099013671875,0.60655078125,-0.0039931640625,0.041667
4.700701,-2.00442871094,-0.250340820312,-0.017181640625,1.17510546875,-0.0101083984375,0.60655078125,-0.0039931640625,0.041667
4.710689,-2.0051484375,-0.249928710937,-0.017181640625,1.17525,-0.0101083984375,0.60655078125,-0.0039931640625,0.041667
4.720681,-2.00576660156,-0.249517578125,-0.017181640625,1.17525,-0.0101083984375,0.60655078125,-0.0039931640625,0.041667
4.730680,-2.00638378906,-0.249002929688,-0.017181640625,1.17553808594,-0.0099013671875,0.60634375,-0.0039931640625,0.041667
4.740731,-2.0068984375,-0.248590820312,-0.0170380859375,1.17568261719,-0.0099013671875,0.60634375,-0.0039931640625,0.041667
4.750893,-2.00741308594,-0.2481796875,-0.0170380859375,1.17582714844,-0.0099013671875,0.60634375,-0.0039931640625,0.041667
4.760609,-2.00782421875,-0.247767578125,-0.0170380859375,1.17598046875,-0.0099013671875,0.60634375,-0.0039931640625,0.041667
4.770619,-2.0081328125,-0.247356445313,-0.0170380859375,1.176125,-0.0099013671875,0.606137695312,-0.0039931640625,0.041667
4.780617,-2.00833886719,-0.246944335938,-0.0170380859375,1.1764140625,-0.0099013671875,0.606137695312,-0.0039931640625,0.041667
4.790648,-2.00854492188,-0.246526367188,-0.0168935546875,1.17655761719,-0.0099013671875,0.606137695312,-0.0039931640625,0.041667
4.800671,-2.00864746094,-0.246115234375,-0.0168935546875,1.17655761719,-0.0099013671875,0.606137695312,-0.0039931640625,0.041667
4.810639,-2.00864746094,-0.245600585938,-0.0168935546875,1.17670214844,-0.0099013671875,0.606137695312,-0.0039931640625,0.041667
4.820686,-2.00854492188,-0.2450859375,-0.0168935546875,1.17670214844,-0.0099013671875,0.605930664062,-0.0039931640625,0.041667
4.830616,-2.00844140625,-0.244673828125,-0.0168935546875,1.17670214844,-0.0097080078125,0.605930664062,-0.0039931640625,0.041667
4.840630,-2.00833886719,-0.24416015625,-0.0167490234375,1.17670214844,-0.0097080078125,0.605930664062,-0.0039931640625,0.041667
4.850609,-2.0081328125,-0.243748046875,-0.0166044921875,1.17670214844,-0.0097080078125,0.605930664062,-0.0039931640625,0.041667
4.860644,-2.00792773437,-0.243233398437,-0.0164599609375,1.17655761719,-0.0097080078125,0.605930664062,-0.00419921875,0.041667
4.870644,-2.00782421875,-0.24271875,-0.0163154296875,1.17655761719,-0.0095009765625,0.605930664062,-0.00419921875,0.041667
4.880694,-2.00761816406,-0.242307617187,-0.01602734375,1.17655761719,-0.0095009765625,0.605930664062,-0.00419921875,0.041667
4.890646,-2.00741308594,-0.24179296875,-0.0158828125,1.17655761719,-0.0095009765625,0.605724609375,-0.00419921875,0.041667
4.900653,-2.00720703125,-0.241278320312,-0.01559375,1.17655761719,-0.0095009765625,0.605724609375,-0.00419921875,0.041667
4.910632,-2.00710449219,-0.240763671875,-0.01544921875,1.1764140625,-0.009294921875,0.605724609375,-0.00419921875,0.041667
4.920660,-2.0068984375,-0.240352539063,-0.0153046875,1.1764140625,-0.009294921875,0.605517578125,-0.00419921875,0.041667
4.930635,-2.00679492188,-0.239940429688,-0.0151611328125,1.1764140625,-0.009294921875,0.605517578125,-0.00419921875,0.041667
4.940680,-2.00669238281,-0.239529296875,-0.0150166015625,1.1764140625,-0.009294921875,0.605517578125,-0.00419921875,0.041667
4.950690,-2.00658984375,-0.2391171875,-0.0148720703125,1.1764140625,-0.009294921875,0.605517578125,-0.00419921875,0.041667
4.961385,-2.00648632812,-0.238706054688,-0.0147275390625,1.1764140625,-0.0095009765625,0.605724609375,-0.00419921875,0.041667
4.970540,-2.00658984375,-0.238396484375,-0.0147275390625,1.17655761719,-0.009294921875,0.605724609375,-0.00419921875,0.041667
4.980545,-2.00658984375,-0.238087890625,-0.0147275390625,1.17655761719,-0.009294921875,0.605724609375,-0.00419921875,0.041667
4.990620,-2.00658984375,-0.237779296875,-0.0147275390625,1.17655761719,-0.0095009765625,0.605724609375,-0.00419921875,0.041667
5.000636,-2.00669238281,-0.237470703125,-0.0148720703125,1.17655761719,-0.0095009765625,0.605724609375,-0.00419921875,0.041667
5.010768,-2.00679492188,-0.237162109375,-0.0148720703125,1.17655761719,-0.0095009765625,0.605724609375,-0.00419921875,0.041667
5.020710,-2.0068984375,-0.236956054688,-0.0150166015625,1.17655761719,-0.0095009765625,0.605724609375,-0.00419921875,0.041667
5.030403,-2.00700097656,-0.23675,-0.0150166015625,1.17655761719,-0.0095009765625,0.605724609375,-0.00419921875,0.041667
5.040459,-2.00720703125,-0.236647460937,-0.0150166015625,1.17655761719,-0.0095009765625,0.605724609375,-0.00419921875,0.041667
5.050539,-2.00741308594,-0.236544921875,-0.0150166015625,1.17655761719,-0.0095009765625,0.605724609375,-0.00419921875,0.041667
5.061443,-2.007515625,-0.23644140625,-0.0151611328125,1.17655761719,-0.0095009765625,0.605724609375,-0.00419921875,0.041667
5.070522,-2.00772167969,-0.23644140625,-0.0151611328125,1.17655761719,-0.0097080078125,0.605724609375,-0.00419921875,0.041667
5.080483,-2.00792773437,-0.236338867187,-0.0151611328125,1.17655761719,-0.0097080078125,0.605724609375,-0.00419921875,0.041667
5.090512,-2.0081328125,-0.236338867187,-0.0151611328125,1.17655761719,-0.0095009765625,0.605724609375,-0.00419921875,0.041667
5.100497,-2.00833886719,-0.236338867187,-0.0151611328125,1.17655761719,-0.0097080078125,0.605724609375,-0.00419921875,0.041667
5.110522,-2.00864746094,-0.236338867187,-0.0151611328125,1.17655761719,-0.0095009765625,0.605724609375,-0.00419921875,0.041667
5.120470,-2.00885351562,-0.236338867187,-0.0151611328125,1.17655761719,-0.0095009765625,0.605724609375,-0.00419921875,0.041667
5.130535,-2.00905957031,-0.236338867187,-0.0151611328125,1.17655761719,-0.0095009765625,0.605930664062,-0.00419921875,0.041667
5.140494,-2.00916210938,-0.236338867187,-0.0151611328125,1.17655761719,-0.0095009765625,0.605930664062,-0.00419921875,0.041667
5.150511,-2.00936816406,-0.23644140625,-0.0151611328125,1.17655761719,-0.0097080078125,0.605930664062,-0.00419921875,0.041667
5.160594,-2.00947070312,-0.23644140625,-0.0151611328125,1.17655761719,-0.0095009765625,0.605930664062,-0.00419921875,0.041667
5.170455,-2.00957421875,-0.236338867187,-0.0151611328125,1.17670214844,-0.0095009765625,0.605930664062,-0.00419921875,0.041667
5.180529,-2.00967675781,-0.236338867187,-0.0151611328125,1.17670214844,-0.0097080078125,0.605930664062,-0.00419921875,0.041667
5.190493,-2.0097734375,-0.236338867187,-0.0153046875,1.17670214844,-0.0097080078125,0.605930664062,-0.00419921875,0.041667
5.200522,-2.00987597656,-0.236338867187,-0.0151611328125,1.17670214844,-0.0097080078125,0.605930664062,-0.00419921875,0.041667
5.210463,-2.00997949219,-0.236338867187,-0.0151611328125,1.17670214844,-0.0095009765625,0.605930664062,-0.00419921875,0.041667
5.220514,-2.01008203125,-0.236338867187,-0.0151611328125,1.17670214844,-0.0095009765625,0.605930664062,-0.00419921875,0.041667
5.230472,-2.01018457031,-0.236235351563,-0.0153046875,1.17670214844,-0.0097080078125,0.605930664062,-0.00419921875,0.041667
5.240463,-2.01028808594,-0.236235351563,-0.0153046875,1.17670214844,-0.0097080078125,0.605930664062,-0.00419921875,0.041667
5.250427,-2.010390625,-0.236235351563,-0.0153046875,1.17670214844,-0.0097080078125,0.605930664062,-0.00419921875,0.041667
5.260469,-2.010390625,-0.236235351563,-0.0153046875,1.17670214844,-0.0097080078125,0.605930664062,-0.00419921875,0.041667
5.271374,-2.01049316406,-0.2361328125,-0.0153046875,1.17670214844,-0.0097080078125,0.605930664062,-0.00419921875,0.041667
5.280560,-2.01059667969,-0.2361328125,-0.01544921875,1.17684667969,-0.0099013671875,0.606137695312,-0.00419921875,0.041667
5.290591,-2.01059667969,-0.236030273437,-0.01544921875,1.17684667969,-0.0097080078125,0.606137695312,-0.00419921875,0.041667
5.300430,-2.01069921875,-0.236030273437,-0.01544921875,1.17684667969,-0.0097080078125,0.606137695312,-0.00419921875,0.041667
5.310387,-2.01080273437,-0.235926757812,-0.01544921875,1.17684667969,-0.0097080078125,0.606137695312,-0.00419921875,0.041667
5.320405,-2.01090527344,-0.23582421875,-0.01544921875,1.17684667969,-0.0095009765625,0.606137695312,-0.00419921875,0.041667
5.330447,-2.0110078125,-0.235618164062,-0.0153046875,1.17684667969,-0.0095009765625,0.60634375,-0.00419921875,0.041667
5.340559,-2.01111132813,-0.235515625,-0.0153046875,1.17684667969,-0.0095009765625,0.60634375,-0.00419921875,0.041667
5.350546,-2.01111132813,-0.235309570312,-0.0153046875,1.17684667969,-0.0095009765625,0.60634375,-0.00419921875,0.041667
5.360654,-2.01121386719,-0.23520703125,-0.0153046875,1.17684667969,-0.0095009765625,0.606137695312,-0.00419921875,0.041667
5.370685,-2.01131640625,-0.235000976562,-0.01544921875,1.17684667969,-0.0095009765625,0.60634375,-0.00419921875,0.041667
5.380726,-2.01131640625,-0.234794921875,-0.01544921875,1.17684667969,-0.0095009765625,0.60634375,-0.00419921875,0.041667
5.390675,-2.01141992187,-0.234588867187,-0.01544921875,1.17684667969,-0.0095009765625,0.606137695312,-0.00419921875,0.041667
5.400679,-2.01152246094,-0.234486328125,-0.01544921875,1.17670214844,-0.0095009765625,0.606137695312,-0.00419921875,0.041667
5.410637,-2.01162597656,-0.234280273437,-0.0153046875,1.17670214844,-0.009294921875,0.606137695312,-0.00419921875,0.041667
5.420689,-2.01172851563,-0.234177734375,-0.0153046875,1.17670214844,-0.009294921875,0.606137695312,-0.00419921875,0.041667
5.430644,-2.01183105469,-0.234075195313,-0.0151611328125,1.17670214844,-0.009294921875,0.606137695312,-0.00419921875,0.041667
5.440595,-2.01183105469,-0.233971679687,-0.0151611328125,1.17670214844,-0.009294921875,0.60634375,-0.00419921875,0.041667
5.450643,-2.01193457031,-0.233765625,-0.0151611328125,1.17670214844,-0.009294921875,0.60634375,-0.0044189453125,0.041667
5.460642,-2.01193457031,-0.233663085937,-0.0153046875,1.17670214844,-0.009294921875,0.60634375,-0.0044189453125,0.041667
5.470609,-2.01193457031,-0.23345703125,-0.0153046875,1.17670214844,-0.009294921875,0.60634375,-0.0044189453125,0.041667
5.480599,-2.01203710938,-0.233354492188,-0.0153046875,1.17684667969,-0.0095009765625,0.60634375,-0.0044189453125,0.041667
5.490599,-2.01203710938,-0.233250976562,-0.0153046875,1.17684667969,-0.0095009765625,0.60634375,-0.0044189453125,0.041667
5.500605,-2.01203710938,-0.2331484375,-0.0153046875,1.17684667969,-0.0095009765625,0.60634375,-0.0044189453125,0.041667
5.510598,-2.01203710938,-0.233045898438,-0.0153046875,1.17684667969,-0.0095009765625,0.60634375,-0.0044189453125,0.041667
