time,right_j0,right_j1,right_j2,right_j3,right_j4,right_j5,right_j6,right_gripper
0.154932,0.0794443359375,-0.892250976562,-0.0145830078125,2.09491699219,0.0036416015625,0.0257783203125,0.001390625,0.041667
0.155335,0.0794443359375,-0.892250976562,-0.0145830078125,2.09491699219,0.0036416015625,0.0257783203125,0.001390625,0.041667
0.165416,0.0775849609375,-0.892354492187,-0.0145830078125,2.09462792969,0.0036416015625,0.0280634765625,0.001390625,0.041667
0.175412,0.0757265625,-0.89245703125,-0.0145830078125,2.09448339844,0.0036416015625,0.0305546875,0.001390625,0.041667
0.185418,0.0737646484375,-0.892560546875,-0.0145830078125,2.09419433594,0.0036416015625,0.033046875,0.001390625,0.041667
0.196754,0.07190625,-0.892765625,-0.0145830078125,2.09390625,0.0036416015625,0.0357451171875,0.001390625,0.041667
0.205774,0.070046875,-0.892869140625,-0.0145830078125,2.09347265625,0.0036416015625,0.0382373046875,0.001390625,0.041667
0.215797,0.068091796875,-0.89307421875,-0.0145830078125,2.09318457031,0.0036416015625,0.040728515625,0.0011845703125,0.041667
0.225791,0.0662333984375,-0.893280273438,-0.0145830078125,2.09275097656,0.0036416015625,0.0434267578125,0.0011845703125,0.041667
0.235741,0.0643740234375,-0.893588867187,-0.0145830078125,2.09246191406,0.0034345703125,0.0459189453125,0.0011845703125,0.041667
0.245800,0.0624130859375,-0.893794921875,-0.0145830078125,2.09202929687,0.0034345703125,0.0484111328125,0.0011845703125,0.041667
0.255750,0.0605537109375,-0.894103515625,-0.0144384765625,2.09159570312,0.0034345703125,0.0513154296875,0.0011845703125,0.041667
0.265748,0.058591796875,-0.894309570313,-0.0144384765625,2.09101855469,0.0034345703125,0.054220703125,0.0011845703125,0.041667
0.275732,0.0567333984375,-0.894618164063,-0.0144384765625,2.09057617188,0.0034345703125,0.05733203125,0.0011845703125,0.041667
0.285824,0.054875,-0.895030273437,-0.0144384765625,2.08999902344,0.0034345703125,0.0602373046875,0.0011845703125,0.041667
0.295749,0.053015625,-0.895338867187,-0.0144384765625,2.08942089844,0.0034345703125,0.0633486328125,0.0009775390625,0.041667
0.305763,0.051060546875,-0.895647460938,-0.0144384765625,2.08884375,0.0034345703125,0.0664599609375,0.0009775390625,0.041667
0.315721,0.0492021484375,-0.89605859375,-0.0144384765625,2.08812207031,0.0034345703125,0.069365234375,0.0009775390625,0.041667
0.325521,0.0473427734375,-0.896470703125,-0.0144384765625,2.08740039063,0.0034345703125,0.07268359375,0.0009775390625,0.041667
0.335540,0.045484375,-0.896881835938,-0.0144384765625,2.08667773437,0.0034345703125,0.076220703125,0.0009775390625,0.041667
0.345602,0.043625,-0.897293945312,-0.0144384765625,2.08595605469,0.0032275390625,0.0797451171875,0.0009775390625,0.041667
0.355583,0.041869140625,-0.897706054687,-0.0144384765625,2.085234375,0.0032275390625,0.0830634765625,0.0009775390625,0.041667
0.365660,0.0400107421875,-0.8981171875,-0.0144384765625,2.08436816406,0.0032275390625,0.0863818359375,0.0009775390625,0.041667
0.375646,0.03826171875,-0.898529296875,-0.0144384765625,2.08363769531,0.0032275390625,0.08990625,0.0009775390625,0.041667
0.385622,0.036505859375,-0.898940429687,-0.0144384765625,2.08277148437,0.0032275390625,0.0932373046875,0.0009775390625,0.041667
0.395650,0.034646484375,-0.899352539063,-0.0144384765625,2.08190527344,0.0032275390625,0.09696875,0.0009775390625,0.041667
0.405644,0.032890625,-0.899763671875,-0.0144384765625,2.0810390625,0.0032275390625,0.100700195313,0.0009775390625,0.041667
0.415770,0.031134765625,-0.90017578125,-0.0144384765625,2.080171875,0.0032275390625,0.104431640625,0.0009775390625,0.041667
0.425680,0.02937890625,-0.900484375,-0.0144384765625,2.07930566406,0.0032275390625,0.10817578125,0.0009775390625,0.041667
0.435669,0.0276298828125,-0.900895507813,-0.0144384765625,2.07843945313,0.0032275390625,0.11211328125,0.0009775390625,0.041667
0.445707,0.0258740234375,-0.901307617187,-0.0144384765625,2.07757324219,0.0032275390625,0.115844726562,0.0009775390625,0.041667
0.455710,0.0241181640625,-0.901616210937,-0.0144384765625,2.07669824219,0.0034345703125,0.120415039063,0.0009775390625,0.041667
0.465718,0.0223623046875,-0.90202734375,-0.0144384765625,2.0756875,0.0032275390625,0.124559570313,0.0009775390625,0.041667
0.475708,0.0206064453125,-0.902336914063,-0.0144384765625,2.07482128906,0.0032275390625,0.128923828125,0.0009775390625,0.041667
0.485748,0.0187470703125,-0.902645507812,-0.0145830078125,2.07395507813,0.0032275390625,0.133067382812,0.0009775390625,0.041667
0.495721,0.016998046875,-0.902954101562,-0.0145830078125,2.07308886719,0.0032275390625,0.137211914062,0.0009775390625,0.041667
0.505717,0.0152421875,-0.903262695313,-0.0145830078125,2.072078125,0.0032275390625,0.141782226563,0.0009775390625,0.041667
0.515706,0.013486328125,-0.90346875,-0.0145830078125,2.07121191406,0.0032275390625,0.146546875,0.0009775390625,0.041667
0.525726,0.011626953125,-0.90377734375,-0.0145830078125,2.07033691406,0.0032275390625,0.150911132812,0.0009775390625,0.041667
0.535725,0.00987109375,-0.903879882812,-0.0145830078125,2.06932617187,0.0032275390625,0.15546875,0.0009775390625,0.041667
0.545832,0.0080126953125,-0.903983398437,-0.0147275390625,2.06831542969,0.003021484375,0.160245117188,0.0009775390625,0.041667
0.555721,0.006263671875,-0.9040859375,-0.0147275390625,2.0673046875,0.003021484375,0.165215820313,0.0009775390625,0.041667
0.565729,0.004404296875,-0.904188476563,-0.0147275390625,2.06643847656,0.003021484375,0.17040625,0.0009775390625,0.041667
0.575716,0.0025458984375,-0.904188476563,-0.0147275390625,2.06542773438,0.003021484375,0.174963867188,0.0009775390625,0.041667
0.585732,0.000583984375,-0.904188476563,-0.0145830078125,2.06426367188,0.0032275390625,0.180154296875,0.0009775390625,0.041667
0.595726,-0.0012744140625,-0.904188476563,-0.0145830078125,2.063109375,0.0032275390625,0.185331054687,0.0009775390625,0.041667
0.605738,-0.0032353515625,-0.904188476563,-0.0145830078125,2.06195410156,0.0032275390625,0.190728515625,0.0009775390625,0.041667
0.615704,-0.005197265625,-0.9040859375,-0.0145830078125,2.06079882812,0.0032275390625,0.19569921875,0.0009775390625,0.041667
0.625717,-0.0071591796875,-0.9040859375,-0.0145830078125,2.05964453125,0.0032275390625,0.200888671875,0.0009775390625,0.041667
0.635690,-0.00912109375,-0.903983398437,-0.0145830078125,2.05848925781,0.0032275390625,0.206272460938,0.0009775390625,0.041667
0.645728,-0.01108203125,-0.903983398437,-0.0145830078125,2.05718066406,0.0032275390625,0.2122890625,0.0009775390625,0.041667
0.655709,-0.013146484375,-0.903983398437,-0.0145830078125,2.05602539062,0.0032275390625,0.217686523438,0.0009775390625,0.041667
0.665703,-0.0152119140625,-0.903983398437,-0.0145830078125,2.05487109375,0.0032275390625,0.2230703125,0.0009775390625,0.041667
0.675919,-0.0172763671875,-0.903983398437,-0.0145830078125,2.05357128906,0.0032275390625,0.228672851563,0.0009775390625,0.041667
0.685759,-0.0193408203125,-0.903983398437,-0.0145830078125,2.05241601562,0.0034345703125,0.234470703125,0.0011845703125,0.041667
0.695699,-0.0215078125,-0.903983398437,-0.0145830078125,2.05110742187,0.0034345703125,0.23966015625,0.0011845703125,0.041667
0.705723,-0.02367578125,-0.9040859375,-0.0145830078125,2.049953125,0.0034345703125,0.245043945313,0.0011845703125,0.041667
0.715711,-0.02584375,-0.9040859375,-0.0147275390625,2.04865332031,0.0036416015625,0.251060546875,0.0011845703125,0.041667
0.725724,-0.02811328125,-0.903983398437,-0.0145830078125,2.04735449219,0.0036416015625,0.257077148438,0.0011845703125,0.041667
0.735584,-0.0304873046875,-0.9040859375,-0.0145830078125,2.04604589844,0.0036416015625,0.2624609375,0.0011845703125,0.041667
0.745653,-0.0327578125,-0.9040859375,-0.0145830078125,2.04474609375,0.0036416015625,0.267844726563,0.0011845703125,0.041667
0.755680,-0.035130859375,-0.9040859375,-0.0145830078125,2.04344726562,0.0038349609375,0.273861328125,0.0011845703125,0.041667
0.765711,-0.03750390625,-0.9040859375,-0.0144384765625,2.04214746094,0.0038349609375,0.279452148437,0.0011845703125,0.041667
0.775708,-0.0398779296875,-0.9040859375,-0.0144384765625,2.04083886719,0.004041015625,0.284642578125,0.001390625,0.041667
0.785709,-0.0422509765625,-0.9040859375,-0.0145830078125,2.03954003906,0.004041015625,0.290232421875,0.001390625,0.041667
0.795695,-0.0446240234375,-0.903983398437,-0.0145830078125,2.03809570313,0.004248046875,0.296249023437,0.001390625,0.041667
0.805869,-0.0471064453125,-0.903983398437,-0.0145830078125,2.03665234375,0.004248046875,0.30183984375,0.001390625,0.041667
0.815813,-0.0495830078125,-0.9040859375,-0.0145830078125,2.03535253906,0.0044541015625,0.307223632812,0.00159765625,0.041667
0.825468,-0.0520595703125,-0.903983398437,-0.0145830078125,2.03404492188,0.0048681640625,0.312620117187,0.00159765625,0.041667
0.835674,-0.0544326171875,-0.903983398437,-0.0145830078125,2.03260058594,0.00507421875,0.3182109375,0.00159765625,0.041667
0.845675,-0.0569091796875,-0.903983398437,-0.0145830078125,2.03115722656,0.00528125,0.323387695313,0.00159765625,0.041667
0.855657,-0.059384765625,-0.903983398437,-0.0145830078125,2.02970410156,0.0054873046875,0.328565429688,0.00159765625,0.041667
0.865706,-0.061970703125,-0.903983398437,-0.0145830078125,2.02826074219,0.0056806640625,0.3337421875,0.00159765625,0.041667
0.875790,-0.064447265625,-0.903983398437,-0.0145830078125,2.02652832031,0.0058876953125,0.339552734375,0.00159765625,0.041667
0.885746,-0.0670263671875,-0.903983398437,-0.0144384765625,2.02508398438,0.00609375,0.344729492187,0.00159765625,0.041667
0.895731,-0.06960546875,-0.903983398437,-0.0144384765625,2.02348730469,0.00609375,0.349700195313,0.0018037109375,0.041667
0.905769,-0.0720810546875,-0.903983398437,-0.0144384765625,2.02189941406,0.00609375,0.354877929687,0.0018037109375,0.041667
0.915720,-0.074564453125,-0.903879882812,-0.0144384765625,2.02016699219,0.00609375,0.3600546875,0.0018037109375,0.041667
0.925756,-0.0771435546875,-0.903879882812,-0.0145830078125,2.01856933594,0.00609375,0.365025390625,0.0020107421875,0.041667
0.935808,-0.07972265625,-0.903879882812,-0.0145830078125,2.01698144531,0.00609375,0.369790039063,0.0020107421875,0.041667
0.945769,-0.0821982421875,-0.903879882812,-0.0145830078125,2.01539355469,0.00609375,0.374760742187,0.0020107421875,0.041667
0.955689,-0.08488671875,-0.903879882812,-0.0145830078125,2.01365136719,0.00630078125,0.3799375,0.0020107421875,0.041667
0.965773,-0.0874658203125,-0.903879882812,-0.0145830078125,2.01206347656,0.0065078125,0.385115234375,0.0020107421875,0.041667
0.975820,-0.0901484375,-0.903879882812,-0.0145830078125,2.01047558594,0.0065078125,0.38987890625,0.002216796875,0.041667
0.985783,-0.092830078125,-0.903879882812,-0.0145830078125,2.00887792969,0.0067138671875,0.394643554688,0.002216796875,0.041667
0.995720,-0.0956220703125,-0.90377734375,-0.0145830078125,2.00729003906,0.0069208984375,0.399614257812,0.002216796875,0.041667
1.005740,-0.0984072265625,-0.90377734375,-0.0145830078125,2.00570214844,0.007333984375,0.404377929688,0.002216796875,0.041667
1.015716,-0.101185546875,-0.90377734375,-0.0145830078125,2.00411425781,0.00752734375,0.408935546875,0.002216796875,0.041667
1.025715,-0.104079101562,-0.90377734375,-0.0145830078125,2.00251660156,0.007734375,0.413493164062,0.002216796875,0.041667
1.035696,-0.106967773437,-0.903673828125,-0.0147275390625,2.00092871094,0.0079404296875,0.41805078125,0.002216796875,0.041667
1.045738,-0.109958007812,-0.903673828125,-0.0147275390625,1.99919628906,0.0081474609375,0.423008789063,0.002216796875,0.041667
1.055696,-0.112955078125,-0.903673828125,-0.0147275390625,1.99745507813,0.008353515625,0.4277734375,0.002216796875,0.041667
1.065830,-0.116048828125,-0.903673828125,-0.0147275390625,1.99586621094,0.008353515625,0.432124023438,0.002216796875,0.041667
1.075713,-0.119045898438,-0.903673828125,-0.0147275390625,1.994125,0.008353515625,0.436474609375,0.002216796875,0.041667
1.085722,-0.122236328125,-0.903673828125,-0.0147275390625,1.99224804687,0.008353515625,0.440826171875,0.002216796875,0.041667
1.095717,-0.125439453125,-0.903571289062,-0.0147275390625,1.990515625,0.0081474609375,0.4451640625,0.002216796875,0.041667
1.105710,-0.128739257813,-0.903571289062,-0.0147275390625,1.98877441406,0.008353515625,0.44930859375,0.002216796875,0.041667
1.115711,-0.132044921875,-0.903571289062,-0.0147275390625,1.98689746094,0.0081474609375,0.45324609375,0.0020107421875,0.041667
1.125796,-0.135344726562,-0.903571289062,-0.0147275390625,1.98487597656,0.0079404296875,0.457377929688,0.0020107421875,0.041667
1.135701,-0.138752929687,-0.90346875,-0.0147275390625,1.98299023438,0.0079404296875,0.461522460937,0.0020107421875,0.041667
1.146095,-0.142264648438,-0.90346875,-0.0147275390625,1.98096875,0.0079404296875,0.465666992188,0.0020107421875,0.041667
1.155737,-0.145770507813,-0.903365234375,-0.0147275390625,1.97908300781,0.0079404296875,0.469591796875,0.0018037109375,0.041667
1.165705,-0.149282226563,-0.903262695313,-0.0147275390625,1.97706152344,0.007734375,0.473529296875,0.0018037109375,0.041667
1.175718,-0.152896484375,-0.903262695313,-0.0147275390625,1.97503125,0.00752734375,0.477041015625,0.0018037109375,0.041667
1.185729,-0.156504882812,-0.903056640625,-0.0147275390625,1.97300976563,0.00752734375,0.480565429687,0.00159765625,0.041667
1.195795,-0.16022265625,-0.902954101562,-0.0147275390625,1.97097949219,0.007333984375,0.484077148437,0.00159765625,0.041667
1.205725,-0.163940429688,-0.902850585938,-0.0147275390625,1.96881445313,0.007126953125,0.487602539063,0.00159765625,0.041667
1.215674,-0.167760742188,-0.902748046875,-0.0147275390625,1.96679296875,0.0069208984375,0.490907226563,0.001390625,0.041667
1.225725,-0.171581054688,-0.902541992187,-0.0147275390625,1.96476269531,0.0069208984375,0.4938125,0.001390625,0.041667
1.235729,-0.175395507812,-0.902439453125,-0.0147275390625,1.96259765625,0.0067138671875,0.496911132812,0.001390625,0.041667
1.245715,-0.179318359375,-0.902336914063,-0.0147275390625,1.96056738281,0.0067138671875,0.500022460938,0.001390625,0.041667
1.255772,-0.183138671875,-0.902233398437,-0.0148720703125,1.95840136719,0.0067138671875,0.502915039063,0.0011845703125,0.041667
1.265765,-0.1870625,-0.90202734375,-0.0148720703125,1.9562265625,0.0067138671875,0.505806640625,0.0011845703125,0.041667
1.275819,-0.190986328125,-0.901822265625,-0.0148720703125,1.95420507812,0.0065078125,0.508504882812,0.0011845703125,0.041667
1.285805,-0.19501171875,-0.901616210937,-0.0148720703125,1.95188671875,0.0065078125,0.511190429687,0.0011845703125,0.041667
1.295580,-0.199032226562,-0.901307617187,-0.0150166015625,1.94972070312,0.00630078125,0.513462890625,0.0009775390625,0.041667
1.305692,-0.20305859375,-0.9011015625,-0.0148720703125,1.94754589844,0.00630078125,0.515748046875,0.0009775390625,0.041667
1.315728,-0.207180664062,-0.90079296875,-0.0148720703125,1.94537109375,0.00630078125,0.517813476562,0.0009775390625,0.041667
1.325564,-0.211310546875,-0.900484375,-0.0148720703125,1.94306152344,0.00630078125,0.519672851562,0.0009775390625,0.041667
1.335524,-0.215439453125,-0.90017578125,-0.0148720703125,1.94088671875,0.00630078125,0.521532226562,0.0009775390625,0.041667
1.345529,-0.219671875,-0.899866210937,-0.0148720703125,1.93872167969,0.00630078125,0.523197265625,0.0009775390625,0.041667
1.355530,-0.224006835938,-0.899557617188,-0.0150166015625,1.93640234375,0.00609375,0.524850585938,0.0009775390625,0.041667
1.365536,-0.228341796875,-0.899146484375,-0.0150166015625,1.93409179687,0.00609375,0.526502929688,0.0009775390625,0.041667
1.376345,-0.23257421875,-0.898837890625,-0.0150166015625,1.9317734375,0.00609375,0.5277421875,0.0009775390625,0.041667
1.385528,-0.23701171875,-0.89842578125,-0.0150166015625,1.92931835938,0.00609375,0.529188476563,0.0009775390625,0.041667
1.395519,-0.241552734375,-0.897911132813,-0.0150166015625,1.927,0.00609375,0.530427734375,0.0009775390625,0.041667
1.405495,-0.245997070313,-0.8975,-0.0151611328125,1.92453613281,0.00609375,0.531680664063,0.0009775390625,0.041667
1.415481,-0.250538085937,-0.897087890625,-0.0151611328125,1.92208203125,0.00609375,0.532712890625,0.0009775390625,0.041667
1.425554,-0.255181640625,-0.896573242188,-0.0151611328125,1.91961816406,0.0058876953125,0.53374609375,0.0009775390625,0.041667
1.435542,-0.259825195312,-0.89605859375,-0.0153046875,1.91729980469,0.00609375,0.534779296875,0.0009775390625,0.041667
1.445522,-0.264572265625,-0.895544921875,-0.0153046875,1.91470117187,0.00609375,0.5353984375,0.0009775390625,0.041667
1.455492,-0.269208984375,-0.895030273437,-0.01544921875,1.91223730469,0.00609375,0.536224609375,0.0009775390625,0.041667
1.465506,-0.273961914062,-0.894515625,-0.01559375,1.90977441406,0.00609375,0.53705078125,0.0009775390625,0.041667
1.475860,-0.278811523437,-0.8938984375,-0.01573828125,1.90717578125,0.00609375,0.537670898438,0.0009775390625,0.041667
1.485623,-0.283661132812,-0.893383789063,-0.0158828125,1.90471191406,0.0058876953125,0.538291015625,0.0009775390625,0.041667
1.495557,-0.288510742188,-0.892663085937,-0.0158828125,1.90210449219,0.0058876953125,0.53891015625,0.0009775390625,0.041667
1.505596,-0.293573242188,-0.892045898438,-0.01602734375,1.89950585938,0.0058876953125,0.539323242188,0.0009775390625,0.041667
1.515552,-0.298525390625,-0.891427734375,-0.01602734375,1.89689746094,0.0058876953125,0.53975,0.0009775390625,0.041667
1.525558,-0.303581054688,-0.890708007813,-0.0163154296875,1.89429003906,0.0058876953125,0.540369140625,0.0009775390625,0.041667
1.535584,-0.308745117187,-0.889884765625,-0.0164599609375,1.891546875,0.0056806640625,0.540576171875,0.0009775390625,0.041667
1.545652,-0.31380078125,-0.8891640625,-0.0166044921875,1.88879492187,0.0056806640625,0.540782226562,0.0009775390625,0.041667
1.555675,-0.318958984375,-0.888340820312,-0.0167490234375,1.88604199219,0.0056806640625,0.540989257812,0.0009775390625,0.041667
1.565678,-0.324220703125,-0.887517578125,-0.0168935546875,1.88329003906,0.0056806640625,0.540989257812,0.0009775390625,0.041667
1.575714,-0.329481445313,-0.886694335938,-0.0170380859375,1.88053808594,0.0056806640625,0.540989257812,0.0009775390625,0.041667
1.585782,-0.334852539063,-0.88587109375,-0.017181640625,1.87779492188,0.0056806640625,0.540989257812,0.0009775390625,0.041667
1.595682,-0.34011328125,-0.8849453125,-0.017326171875,1.87504296875,0.0056806640625,0.540989257812,0.0009775390625,0.041667
1.605754,-0.345483398437,-0.884025390625,-0.0174794921875,1.87229101563,0.0054873046875,0.540989257812,0.0009775390625,0.041667
1.615534,-0.350951171875,-0.883098632813,-0.0174794921875,1.8695390625,0.0054873046875,0.5411953125,0.0009775390625,0.041667
1.625528,-0.356424804687,-0.8820703125,-0.0176240234375,1.86664257813,0.0054873046875,0.5411953125,0.000771484375,0.041667
1.635537,-0.361994140625,-0.881041015625,-0.0176240234375,1.86389941406,0.0054873046875,0.5411953125,0.000771484375,0.041667
1.645519,-0.367467773437,-0.88001171875,-0.0176240234375,1.86100292969,0.00528125,0.54140234375,0.000771484375,0.041667
1.655552,-0.37303125,-0.878776367187,-0.0176240234375,1.85825,0.00528125,0.54140234375,0.000771484375,0.041667
1.665551,-0.378504882812,-0.877541992187,-0.0174794921875,1.85535351563,0.00528125,0.54140234375,0.000564453125,0.041667
1.675641,-0.38407421875,-0.876204101562,-0.017326171875,1.8526015625,0.00528125,0.54140234375,0.000564453125,0.041667
1.685625,-0.389547851562,-0.874866210938,-0.017326171875,1.84984960938,0.00507421875,0.54140234375,0.000564453125,0.041667
1.695570,-0.395014648438,-0.873528320313,-0.017181640625,1.84725097656,0.00507421875,0.54140234375,0.000564453125,0.041667
1.705589,-0.400385742188,-0.872087890625,-0.0170380859375,1.84478710937,0.00507421875,0.54140234375,0.000357421875,0.041667
1.715751,-0.40575,-0.870647460938,-0.0170380859375,1.8421796875,0.0048681640625,0.54140234375,0.0001513671875,0.041667
1.725663,-0.411223632813,-0.869206054688,-0.0168935546875,1.83957226562,0.0046611328125,0.54140234375,-5.56640625e-05,0.041667
1.735686,-0.416484375,-0.867765625,-0.0168935546875,1.8371171875,0.0044541015625,0.54140234375,-5.56640625e-05,0.041667
1.745699,-0.421739257812,-0.866325195312,-0.0167490234375,1.83450976563,0.004248046875,0.54140234375,-0.00026171875,0.041667
1.755684,-0.426904296875,-0.86478125,-0.0167490234375,1.83204589844,0.004248046875,0.54140234375,-0.00026171875,0.041667
1.765726,-0.431856445313,-0.863237304688,-0.0167490234375,1.82943847656,0.004041015625,0.5411953125,-0.00046875,0.041667
1.775712,-0.436912109375,-0.861700195312,-0.0167490234375,1.82697558594,0.0038349609375,0.5411953125,-0.0006748046875,0.041667
1.785728,-0.441864257812,-0.860259765625,-0.0167490234375,1.82452050781,0.0036416015625,0.5411953125,-0.0006748046875,0.041667
1.795789,-0.446719726562,-0.858819335938,-0.0167490234375,1.82205761719,0.0036416015625,0.540989257812,-0.0008818359375,0.041667
1.805740,-0.451569335937,-0.857481445313,-0.0167490234375,1.81959375,0.0034345703125,0.540989257812,-0.0008818359375,0.041667
1.815717,-0.45631640625,-0.856040039063,-0.0168935546875,1.81713085937,0.0032275390625,0.540989257812,-0.0008818359375,0.041667
1.825743,-0.461056640625,-0.854599609375,-0.0168935546875,1.81481152344,0.003021484375,0.540782226562,-0.0008818359375,0.041667
1.835742,-0.465803710938,-0.853365234375,-0.0168935546875,1.81221289062,0.0026083984375,0.540782226562,-0.0011005859375,0.041667
1.845888,-0.470447265625,-0.852129882813,-0.0168935546875,1.80989355469,0.0024013671875,0.540576171875,-0.0011005859375,0.041667
1.855787,-0.475193359375,-0.850895507813,-0.0168935546875,1.80743066406,0.0024013671875,0.540369140625,-0.0013076171875,0.041667
1.865741,-0.479734375,-0.849866210938,-0.0167490234375,1.80496679688,0.0021953125,0.540369140625,-0.0013076171875,0.041667
1.875662,-0.484377929687,-0.848836914062,-0.0166044921875,1.80250390625,0.0021953125,0.540163085937,-0.0013076171875,0.041667
1.885607,-0.48881640625,-0.847911132812,-0.0166044921875,1.80004882812,0.00198828125,0.540163085937,-0.0015146484375,0.041667
1.895582,-0.493151367188,-0.846984375,-0.0167490234375,1.7975859375,0.00198828125,0.539956054687,-0.0015146484375,0.041667
1.905671,-0.497479492187,-0.846161132813,-0.0167490234375,1.79497851562,0.0017822265625,0.53975,-0.0013076171875,0.041667
1.915656,-0.501814453125,-0.845440429687,-0.0168935546875,1.79251464844,0.0017822265625,0.53975,-0.0013076171875,0.041667
1.925685,-0.506150390625,-0.844926757813,-0.0167490234375,1.78990722656,0.0017822265625,0.53954296875,-0.0013076171875,0.041667
1.935683,-0.510381835937,-0.844412109375,-0.0167490234375,1.78744335938,0.001587890625,0.53954296875,-0.0011005859375,0.041667
1.945665,-0.514607421875,-0.843897460937,-0.0168935546875,1.7848359375,0.001587890625,0.53954296875,-0.0011005859375,0.041667
1.955724,-0.51883984375,-0.843588867188,-0.0170380859375,1.78238183594,0.0013818359375,0.53954296875,-0.0008818359375,0.041667
1.965720,-0.523072265625,-0.843280273438,-0.0170380859375,1.7797734375,0.0011748046875,0.53954296875,-0.0008818359375,0.041667
1.975894,-0.527201171875,-0.84307421875,-0.0170380859375,1.77731054687,0.0011748046875,0.53954296875,-0.0006748046875,0.041667
1.985735,-0.531330078125,-0.842868164062,-0.0168935546875,1.77499121094,0.0011748046875,0.53954296875,-0.0006748046875,0.041667
1.995755,-0.535446289063,-0.842765625,-0.0167490234375,1.77252832031,0.00096875,0.53975,-0.0006748046875,0.041667
2.005718,-0.53947265625,-0.842662109375,-0.0166044921875,1.77006445313,0.00076171875,0.53975,-0.0006748046875,0.041667
2.015702,-0.543293945312,-0.842456054687,-0.0164599609375,1.76760058594,0.00096875,0.53975,-0.0006748046875,0.041667
2.025730,-0.547107421875,-0.842353515625,-0.0164599609375,1.76514648437,0.00096875,0.53975,-0.00046875,0.041667
2.035734,-0.550825195312,-0.842353515625,-0.0164599609375,1.76268359375,0.00096875,0.53975,-0.00046875,0.041667
2.045724,-0.55443359375,-0.842353515625,-0.0164599609375,1.76036425781,0.00096875,0.53975,-0.00046875,0.041667
2.055764,-0.5579453125,-0.842353515625,-0.0164599609375,1.75804492188,0.00096875,0.53975,-0.00046875,0.041667
2.065718,-0.561450195312,-0.842353515625,-0.0166044921875,1.75587109375,0.00096875,0.539956054687,-0.00046875,0.041667
2.075722,-0.564859375,-0.842353515625,-0.0166044921875,1.75355175781,0.00096875,0.539956054687,-0.00046875,0.041667
2.085714,-0.56815234375,-0.842353515625,-0.0166044921875,1.75138574219,0.00096875,0.539956054687,-0.00026171875,0.041667
2.095705,-0.571458007813,-0.842456054687,-0.0166044921875,1.7492109375,0.00096875,0.540163085937,-0.00026171875,0.041667
2.105819,-0.574655273438,-0.842456054687,-0.0167490234375,1.74703710937,0.00096875,0.540163085937,-0.00026171875,0.041667
2.115694,-0.5778515625,-0.842456054687,-0.0168935546875,1.74515039063,0.00096875,0.540163085937,-5.56640625e-05,0.041667
2.125696,-0.5810546875,-0.842559570312,-0.017181640625,1.74312988281,0.00096875,0.540163085937,-5.56640625e-05,0.041667
2.135705,-0.584250976563,-0.842662109375,-0.017326171875,1.74109960937,0.00076171875,0.540369140625,-5.56640625e-05,0.041667
2.145726,-0.587447265625,-0.842765625,-0.0174794921875,1.73921386719,0.00076171875,0.540369140625,-5.56640625e-05,0.041667
2.155697,-0.59075390625,-0.842868164062,-0.0176240234375,1.73747167969,0.00096875,0.540369140625,-5.56640625e-05,0.041667
2.165727,-0.594258789062,-0.842970703125,-0.0177685546875,1.73559472656,0.00096875,0.540163085937,-5.56640625e-05,0.041667
2.175723,-0.59766796875,-0.842970703125,-0.0179130859375,1.73370898437,0.00096875,0.540369140625,-5.56640625e-05,0.041667
2.185726,-0.601166992188,-0.84307421875,-0.0180576171875,1.73211230469,0.00076171875,0.540369140625,-5.56640625e-05,0.041667
2.195697,-0.60478125,-0.84307421875,-0.018345703125,1.7305234375,0.0005556640625,0.540369140625,-5.56640625e-05,0.041667
2.205729,-0.608389648437,-0.842970703125,-0.018779296875,1.72907128906,0.0003486328125,0.540576171875,-5.56640625e-05,0.041667
2.215767,-0.612209960938,-0.842868164062,-0.0193564453125,1.72762695312,0.000142578125,0.540576171875,-0.00026171875,0.041667
2.225772,-0.616024414062,-0.842662109375,-0.020078125,1.72617480469,-0.0002578125,0.540576171875,-0.00026171875,0.041667
2.235901,-0.62005078125,-0.842456054687,-0.02080078125,1.72501953125,-0.00046484375,0.540576171875,-0.00026171875,0.041667
2.245758,-0.624282226562,-0.842147460938,-0.02153125,1.72385546875,-0.0006708984375,0.540782226562,-0.00026171875,0.041667
2.255775,-0.6285078125,-0.841736328125,-0.0222529296875,1.72270019531,-0.0008779296875,0.540782226562,-0.00026171875,0.041667
2.265774,-0.632836914062,-0.841221679687,-0.022974609375,1.72168066406,-0.001083984375,0.540782226562,-0.00026171875,0.041667
2.275770,-0.637377929687,-0.840604492187,-0.023552734375,1.72066992187,-0.001083984375,0.540782226562,-0.00026171875,0.041667
2.285771,-0.642021484375,-0.839986328125,-0.0241298828125,1.719515625,-0.0014970703125,0.540782226562,-0.00026171875,0.041667
2.295745,-0.646665039062,-0.839163085937,-0.02470703125,1.71849609375,-0.0017041015625,0.540782226562,-0.00026171875,0.041667
2.305737,-0.651514648437,-0.83833984375,-0.0251494140625,1.71734082031,-0.00191015625,0.540782226562,-0.00026171875,0.041667
2.315691,-0.656364257812,-0.837420898438,-0.0254384765625,1.71617675781,-0.0021171875,0.540782226562,-0.00026171875,0.041667
2.325732,-0.661419921875,-0.836288085938,-0.0257275390625,1.71516601562,-0.0021171875,0.540782226562,-0.00026171875,0.041667
2.335722,-0.66646875,-0.835259765625,-0.0257275390625,1.71415527344,-0.002310546875,0.540989257812,-0.00026171875,0.041667
2.345761,-0.671626953125,-0.834024414063,-0.02587109375,1.71313574219,-0.002517578125,0.540989257812,-0.00026171875,0.041667
2.355717,-0.67678515625,-0.832686523438,-0.02587109375,1.71198046875,-0.002517578125,0.540989257812,-0.00026171875,0.041667
2.365853,-0.682046875,-0.83113671875,-0.02587109375,1.71081640625,-0.002517578125,0.540989257812,-0.00026171875,0.041667
2.375722,-0.687307617187,-0.829592773438,-0.0257275390625,1.70951757813,-0.002517578125,0.540989257812,-0.00026171875,0.041667
2.385694,-0.692665039062,-0.827946289063,-0.0255830078125,1.70820898437,-0.002517578125,0.540989257812,-0.00026171875,0.041667
2.395733,-0.698029296875,-0.826197265625,-0.0254384765625,1.70690917969,-0.002517578125,0.540989257812,-0.00026171875,0.041667
2.405783,-0.703393554687,-0.824241210938,-0.0252939453125,1.70545703125,-0.002310546875,0.540989257812,-0.00026171875,0.041667
2.415706,-0.7087578125,-0.822286132812,-0.0251494140625,1.70401269531,-0.002310546875,0.540989257812,-0.00026171875,0.041667
2.425690,-0.714018554687,-0.820228515625,-0.02499609375,1.70256054688,-0.0021171875,0.540989257812,-0.00026171875,0.041667
2.435697,-0.719389648437,-0.818169921875,-0.0248515625,1.70110742187,-0.0021171875,0.540989257812,-0.00026171875,0.041667
2.445723,-0.724849609375,-0.816008789062,-0.02470703125,1.69951953125,-0.0021171875,0.540989257812,-0.00026171875,0.041667
2.455704,-0.730317382813,-0.813745117187,-0.0245634765625,1.69777832031,-0.00191015625,0.540782226562,-0.00026171875,0.041667
2.465746,-0.735680664062,-0.811481445312,-0.0242744140625,1.69589160156,-0.00191015625,0.540782226562,-0.00026171875,0.041667
2.475787,-0.7411484375,-0.809120117187,-0.0239853515625,1.69401464844,-0.00191015625,0.540782226562,-0.00026171875,0.041667
2.485718,-0.746615234375,-0.80675390625,-0.0238408203125,1.691984375,-0.00191015625,0.540782226562,-0.00026171875,0.041667
2.496968,-0.752076171875,-0.804284179687,-0.023552734375,1.68981054687,-0.0017041015625,0.540782226562,-0.00026171875,0.041667
2.505750,-0.75754296875,-0.8017109375,-0.023408203125,1.68749121094,-0.0017041015625,0.540782226562,-0.00026171875,0.041667
2.515733,-0.763009765625,-0.79903515625,-0.023263671875,1.685171875,-0.0017041015625,0.540782226562,-0.00026171875,0.041667
2.525727,-0.768374023438,-0.796360351562,-0.022974609375,1.68270898438,-0.0017041015625,0.540782226562,-0.00026171875,0.041667
2.535714,-0.773943359375,-0.793684570312,-0.0228310546875,1.68024511719,-0.0017041015625,0.540782226562,-0.00026171875,0.041667
2.545744,-0.779404296875,-0.791008789063,-0.0226865234375,1.67749316406,-0.0017041015625,0.540782226562,-0.00026171875,0.041667
2.555734,-0.78487109375,-0.78823046875,-0.0225419921875,1.67474121094,-0.0017041015625,0.540782226562,-0.00026171875,0.041667
2.565672,-0.790235351563,-0.785348632813,-0.0223974609375,1.67184472656,-0.0017041015625,0.540782226562,-0.00026171875,0.041667
2.575646,-0.795702148437,-0.782466796875,-0.0222529296875,1.66894824219,-0.0017041015625,0.540782226562,-0.00026171875,0.041667
2.585553,-0.801169921875,-0.779489257813,-0.0221083984375,1.66575390625,-0.0014970703125,0.540782226562,-0.00026171875,0.041667
2.595588,-0.80652734375,-0.776504882812,-0.02196484375,1.66256835938,-0.0014970703125,0.540782226562,-0.00026171875,0.041667
2.605546,-0.811994140625,-0.77341796875,-0.02167578125,1.6593828125,-0.0014970703125,0.540782226562,-0.00026171875,0.041667
2.615630,-0.8174609375,-0.770330078125,-0.02138671875,1.65604492187,-0.0014970703125,0.540989257812,-0.00026171875,0.041667
2.625767,-0.82272265625,-0.767141601562,-0.0212421875,1.6525703125,-0.0014970703125,0.540989257812,-0.00026171875,0.041667
2.635626,-0.828086914063,-0.763848632813,-0.0210888671875,1.64894335938,-0.0014970703125,0.540782226562,-0.00026171875,0.041667
2.645599,-0.833341796875,-0.760658203125,-0.0210888671875,1.64546875,-0.0014970703125,0.540782226562,-0.00026171875,0.041667
2.655594,-0.838705078125,-0.757365234375,-0.0209443359375,1.64169726562,-0.0017041015625,0.540989257812,-0.00026171875,0.041667
2.665616,-0.844063476563,-0.75396875,-0.0209443359375,1.63792578125,-0.0017041015625,0.5411953125,-0.00026171875,0.041667
2.675605,-0.849427734375,-0.750469726562,-0.02080078125,1.63416308594,-0.0014970703125,0.540989257812,-0.00026171875,0.041667
2.685577,-0.85478515625,-0.74707421875,-0.02080078125,1.63024609375,-0.0014970703125,0.540989257812,-0.00026171875,0.041667
2.695614,-0.860251953125,-0.743575195313,-0.02065625,1.62618652344,-0.0014970703125,0.5411953125,-0.00026171875,0.041667
2.705590,-0.865616210937,-0.740083007813,-0.02065625,1.62213476563,-0.0014970703125,0.5411953125,-0.00026171875,0.041667
2.715594,-0.870876953125,-0.736377929688,-0.02080078125,1.6179296875,-0.001291015625,0.5411953125,-0.00026171875,0.041667
2.725557,-0.876241210937,-0.732776367188,-0.0209443359375,1.61372460937,-0.001291015625,0.5411953125,-0.00026171875,0.041667
2.735593,-0.881592773437,-0.729071289062,-0.0209443359375,1.60951953125,-0.001083984375,0.54140234375,-5.56640625e-05,0.041667
2.745545,-0.88695703125,-0.725263671875,-0.0210888671875,1.60517089844,-0.001291015625,0.54140234375,-5.56640625e-05,0.041667
2.755808,-0.892321289062,-0.721456054687,-0.0209443359375,1.60096582031,-0.001083984375,0.54140234375,-5.56640625e-05,0.041667
2.765547,-0.897890625,-0.717545898438,-0.0209443359375,1.59661621094,-0.0008779296875,0.54140234375,-5.56640625e-05,0.041667
2.775608,-0.903357421875,-0.713532226563,-0.02080078125,1.59212304688,-0.0008779296875,0.54140234375,-5.56640625e-05,0.041667
2.785567,-0.908811523438,-0.709518554688,-0.02065625,1.58762890625,-0.001083984375,0.541608398437,-5.56640625e-05,0.041667
2.795605,-0.914381835937,-0.705499023438,-0.02065625,1.58299121094,-0.0008779296875,0.541608398437,-5.56640625e-05,0.041667
2.805548,-0.919848632812,-0.7013828125,-0.02065625,1.57849707031,-0.0008779296875,0.541608398437,-5.56640625e-05,0.041667
2.815620,-0.925418945313,-0.697369140625,-0.02065625,1.573859375,-0.001083984375,0.541815429687,-5.56640625e-05,0.041667
2.825560,-0.930879882813,-0.693252929687,-0.02065625,1.56936523437,-0.001083984375,0.541815429687,0.0001513671875,0.041667
2.835624,-0.936443359375,-0.68913671875,-0.02065625,1.56472753906,-0.0008779296875,0.541815429687,0.0001513671875,0.041667
2.845573,-0.942012695312,-0.684923828125,-0.02065625,1.56008007812,-0.0008779296875,0.542021484375,0.0001513671875,0.041667
2.855575,-0.947479492188,-0.6806015625,-0.02080078125,1.55544238281,-0.0006708984375,0.542021484375,0.0001513671875,0.041667
2.865624,-0.95304296875,-0.676381835938,-0.02080078125,1.5508046875,-0.00046484375,0.541815429687,0.0001513671875,0.041667
2.875620,-0.958606445313,-0.672060546875,-0.02065625,1.54602246094,-0.0002578125,0.542021484375,0.000357421875,0.041667
2.885864,-0.964279296875,-0.66773828125,-0.02065625,1.54123046875,-6.4453125e-05,0.542228515625,0.000357421875,0.041667
2.895694,-0.969849609375,-0.6633125,-0.02051171875,1.53644824219,0.000142578125,0.542228515625,0.000357421875,0.041667
2.905688,-0.975413085937,-0.658887695313,-0.02051171875,1.53165625,0.0003486328125,0.542228515625,0.000357421875,0.041667
2.915687,-0.9809765625,-0.654462890625,-0.02051171875,1.52686523437,0.0003486328125,0.542434570312,0.000357421875,0.041667
2.925777,-0.986546875,-0.650038085938,-0.02051171875,1.52222753906,0.00076171875,0.542641601562,0.000357421875,0.041667
2.935759,-0.992212890625,-0.645509765625,-0.02051171875,1.51758886719,0.00096875,0.542848632812,0.000564453125,0.041667
2.945746,-0.9976796875,-0.641084960938,-0.02051171875,1.51295117187,0.0011748046875,0.543467773437,0.000564453125,0.041667
2.955755,-1.00324316406,-0.636556640625,-0.02051171875,1.50816015625,0.001587890625,0.543880859375,0.000564453125,0.041667
2.965805,-1.00891015625,-0.632028320313,-0.02051171875,1.50352148437,0.00198828125,0.54470703125,0.000564453125,0.041667
2.975465,-1.01447949219,-0.627603515625,-0.0203671875,1.49873046875,0.00198828125,0.545533203125,0.000564453125,0.041667
2.985496,-1.01994726562,-0.623075195312,-0.0203671875,1.49409179688,0.0024013671875,0.54656640625,0.000564453125,0.041667
2.995558,-1.02560644531,-0.618547851563,-0.02022265625,1.48959863281,0.0026083984375,0.547392578125,0.000771484375,0.041667
3.005580,-1.03117675781,-0.61401953125,-0.020078125,1.48495117187,0.002814453125,0.548438476562,0.000771484375,0.041667
3.015679,-1.03674023438,-0.6094921875,-0.0199345703125,1.48045800781,0.003021484375,0.550090820313,0.000771484375,0.041667
3.025600,-1.04241308594,-0.604963867187,-0.0197900390625,1.47596386719,0.003021484375,0.551124023437,0.000771484375,0.041667
3.035557,-1.0478671875,-0.600435546875,-0.0196455078125,1.47161523437,0.002814453125,0.55236328125,0.0009775390625,0.041667
3.045718,-1.0534375,-0.595901367187,-0.0195009765625,1.46725683594,0.003021484375,0.55422265625,0.0009775390625,0.041667
3.055753,-1.05879492187,-0.591373046875,-0.0193564453125,1.46290722656,0.003021484375,0.555461914063,0.0009775390625,0.041667
3.065714,-1.06426171875,-0.586948242187,-0.0192119140625,1.45855761719,0.0032275390625,0.556701171875,0.0009775390625,0.041667
3.075713,-1.06961328125,-0.582419921875,-0.019068359375,1.45435351563,0.0032275390625,0.558780273438,0.0011845703125,0.041667
3.085704,-1.07508007813,-0.578098632812,-0.018779296875,1.44999511719,0.0036416015625,0.560432617188,0.0011845703125,0.041667
3.095716,-1.08033496094,-0.5735703125,-0.018634765625,1.44593457031,0.0038349609375,0.56187890625,0.0011845703125,0.041667
3.105750,-1.08569921875,-0.569041992187,-0.018490234375,1.44158496094,0.004248046875,0.563944335938,0.0011845703125,0.041667
3.115723,-1.09094726563,-0.564514648437,-0.018345703125,1.43737988281,0.0044541015625,0.56559765625,0.0011845703125,0.041667
3.125734,-1.09620214844,-0.559986328125,-0.0180576171875,1.43316601562,0.0046611328125,0.567456054688,0.0011845703125,0.041667
3.135721,-1.10136035156,-0.555561523437,-0.0179130859375,1.4289609375,0.0048681640625,0.569741210937,0.001390625,0.041667
3.145864,-1.10640917969,-0.551135742188,-0.0176240234375,1.42490039062,0.00507421875,0.571807617187,0.001390625,0.041667
3.155643,-1.11145800781,-0.546813476563,-0.017326171875,1.42083984375,0.00528125,0.573873046875,0.001390625,0.041667
3.165647,-1.11650683594,-0.542388671875,-0.017181640625,1.41663476563,0.0056806640625,0.576145507812,0.001390625,0.041667
3.175677,-1.121453125,-0.53806640625,-0.0168935546875,1.41256542969,0.0058876953125,0.578004882812,0.001390625,0.041667
3.185715,-1.12639941406,-0.53373828125,-0.0164599609375,1.40850488281,0.0058876953125,0.580083007812,0.001390625,0.041667
3.195693,-1.1312421875,-0.529416015625,-0.01602734375,1.40429980469,0.00609375,0.5825625,0.001390625,0.041667
3.205715,-1.13607910156,-0.524991210938,-0.01559375,1.40009570313,0.00630078125,0.584421875,0.001390625,0.041667
3.215745,-1.14082617187,-0.520668945312,-0.0153046875,1.39573730469,0.00630078125,0.586280273437,0.001390625,0.041667
3.225726,-1.14556640625,-0.51644921875,-0.0147275390625,1.39138769531,0.00630078125,0.588552734375,0.001390625,0.041667
3.235695,-1.150203125,-0.51223046875,-0.014294921875,1.38717382812,0.00630078125,0.590837890625,0.001390625,0.041667
3.245720,-1.15484082031,-0.508114257812,-0.013861328125,1.38282421875,0.00609375,0.592904296875,0.0011845703125,0.041667
3.255704,-1.15936914062,-0.503991210937,-0.0135634765625,1.37847558594,0.00609375,0.594969726563,0.0011845703125,0.041667
3.265784,-1.16400585938,-0.499875,-0.013130859375,1.37397265625,0.0058876953125,0.5972421875,0.0011845703125,0.041667
3.275892,-1.1684375,-0.495861328125,-0.012697265625,1.36962304687,0.0056806640625,0.5991015625,0.0011845703125,0.041667
3.285465,-1.17297167969,-0.49184765625,-0.012408203125,1.36540917969,0.0056806640625,0.60075390625,0.0011845703125,0.041667
3.295422,-1.17729394531,-0.487833984375,-0.0122646484375,1.36091601562,0.0056806640625,0.602625976563,0.0011845703125,0.041667
3.305484,-1.18162304687,-0.483821289062,-0.0122646484375,1.35641308594,0.0054873046875,0.604072265625,0.0009775390625,0.041667
3.315431,-1.18595117187,-0.479904296875,-0.0121201171875,1.35191894531,0.0054873046875,0.605517578125,0.0009775390625,0.041667
3.325463,-1.19028027344,-0.475993164062,-0.0121201171875,1.34756054688,0.0054873046875,0.607376953125,0.0009775390625,0.041667
3.335468,-1.19450585937,-0.472083007813,-0.0121201171875,1.34306738281,0.00507421875,0.608823242187,0.0009775390625,0.041667
3.345573,-1.19872460937,-0.468275390625,-0.0121201171875,1.33856445313,0.0048681640625,0.61026953125,0.000771484375,0.041667
3.355522,-1.20295019531,-0.464467773438,-0.0121201171875,1.33420605469,0.0048681640625,0.612127929687,0.000771484375,0.041667
3.365582,-1.20717578125,-0.460762695313,-0.0121201171875,1.33000097656,0.0046611328125,0.61357421875,0.000771484375,0.041667
3.375559,-1.21129296875,-0.45705859375,-0.0122646484375,1.32564257813,0.0044541015625,0.615446289062,0.000771484375,0.041667
3.385600,-1.21541503906,-0.453353515625,-0.012408203125,1.32143847656,0.004041015625,0.617305664062,0.000564453125,0.041667
3.395675,-1.21963476562,-0.449751953125,-0.012552734375,1.31737792969,0.0038349609375,0.618751953125,0.000564453125,0.041667
3.405668,-1.22386035156,-0.446150390625,-0.012697265625,1.3131640625,0.0036416015625,0.620610351562,0.000564453125,0.041667
3.415675,-1.2280859375,-0.442651367187,-0.012986328125,1.30924707031,0.0034345703125,0.622676757812,0.000564453125,0.041667
3.425683,-1.23231152344,-0.439145507813,-0.013130859375,1.30533105469,0.0034345703125,0.624123046875,0.000564453125,0.041667
3.435664,-1.236640625,-0.435543945313,-0.0134189453125,1.3016953125,0.0034345703125,0.625981445312,0.000564453125,0.041667
3.445689,-1.24106542969,-0.432044921875,-0.013716796875,1.29792285156,0.0034345703125,0.6284609375,0.000564453125,0.041667
3.455675,-1.24538769531,-0.428545898438,-0.014150390625,1.29444042969,0.0034345703125,0.630333007813,0.000564453125,0.041667
3.465697,-1.24981933594,-0.425046875,-0.0144384765625,1.29095703125,0.0032275390625,0.63260546875,0.000564453125,0.041667
3.475711,-1.25435351563,-0.421548828125,-0.0148720703125,1.28776269531,0.0036416015625,0.634876953125,0.000564453125,0.041667
3.485710,-1.25878515625,-0.418255859375,-0.0150166015625,1.28456835937,0.0036416015625,0.637149414063,0.000564453125,0.041667
3.495687,-1.2633125,-0.414956054688,-0.0153046875,1.28137402344,0.0036416015625,0.63962890625,0.000564453125,0.041667
3.505693,-1.26784765625,-0.411663085938,-0.01559375,1.27818847656,0.0038349609375,0.642107421875,0.000564453125,0.041667
3.515744,-1.27238183594,-0.408569335938,-0.01573828125,1.27513867187,0.004041015625,0.644379882813,0.000771484375,0.041667
3.525719,-1.27701269531,-0.405481445313,-0.01573828125,1.27194433594,0.004248046875,0.646872070313,0.000771484375,0.041667
3.535839,-1.281546875,-0.402497070312,-0.0158828125,1.26889453125,0.004248046875,0.649350585937,0.000771484375,0.041667
3.545754,-1.28628027344,-0.399616210937,-0.0158828125,1.26584472656,0.004248046875,0.651623046875,0.000771484375,0.041667
3.555738,-1.29091796875,-0.396734375,-0.0158828125,1.26279492188,0.0044541015625,0.65430859375,0.000771484375,0.041667
3.565754,-1.29576074219,-0.393956054688,-0.01573828125,1.25974511719,0.0046611328125,0.656994140625,0.000771484375,0.041667
3.575710,-1.3003984375,-0.391280273437,-0.01573828125,1.25655957031,0.0046611328125,0.659266601563,0.000771484375,0.041667
3.585733,-1.30512597656,-0.388501953125,-0.0158828125,1.25336523437,0.0046611328125,0.661745117187,0.000771484375,0.041667
3.595720,-1.30996875,-0.385826171875,-0.0158828125,1.25017089844,0.0046611328125,0.664430664062,0.000771484375,0.041667
3.605714,-1.3148125,-0.383349609375,-0.0158828125,1.24712109375,0.0046611328125,0.666703125,0.000771484375,0.041667
3.615730,-1.31965527344,-0.380879882813,-0.01602734375,1.24392675781,0.0044541015625,0.669401367187,0.000771484375,0.041667
3.625747,-1.32459472656,-0.378513671875,-0.01602734375,1.24073242187,0.0044541015625,0.672086914062,0.000771484375,0.041667
3.635730,-1.32963769531,-0.376249023437,-0.01602734375,1.23768261719,0.004248046875,0.674565429687,0.000771484375,0.041667
3.645777,-1.3347890625,-0.374087890625,-0.01602734375,1.2346328125,0.0044541015625,0.6776640625,0.0009775390625,0.041667
3.655742,-1.33983789062,-0.3721328125,-0.01602734375,1.23158300781,0.0044541015625,0.680556640625,0.0009775390625,0.041667
3.665815,-1.34508691406,-0.370280273437,-0.01602734375,1.22853320313,0.0044541015625,0.6832421875,0.0009775390625,0.041667
3.675797,-1.35034179688,-0.36853125,-0.0158828125,1.22563671875,0.0046611328125,0.686546875,0.0009775390625,0.041667
3.685753,-1.35569238281,-0.366987304688,-0.0158828125,1.22258691406,0.0046611328125,0.689645507813,0.0009775390625,0.041667
3.695731,-1.36094726562,-0.365546875,-0.0158828125,1.21968066406,0.0046611328125,0.692538085937,0.0009775390625,0.041667
3.705731,-1.36629882812,-0.364106445313,-0.0158828125,1.21663085937,0.0046611328125,0.696049804687,0.0009775390625,0.041667
3.715715,-1.37165625,-0.362974609375,-0.0158828125,1.21372558594,0.0046611328125,0.6993671875,0.0009775390625,0.041667
3.725723,-1.37701367187,-0.3619453125,-0.0158828125,1.2108203125,0.0046611328125,0.70287890625,0.0009775390625,0.041667
3.735717,-1.38236523437,-0.361018554687,-0.01602734375,1.20792382812,0.0048681640625,0.706390625,0.0009775390625,0.041667
3.745695,-1.38781933594,-0.360298828125,-0.01602734375,1.20501757813,0.0048681640625,0.709903320313,0.0009775390625,0.041667
3.755693,-1.39328027344,-0.359674804688,-0.0158828125,1.20225683594,0.0048681640625,0.71362109375,0.0009775390625,0.041667
3.765687,-1.398734375,-0.35916015625,-0.0158828125,1.19920703125,0.00507421875,0.717545898438,0.0011845703125,0.041667
3.775711,-1.40429785156,-0.358748046875,-0.01573828125,1.19630175781,0.00507421875,0.721677734375,0.0011845703125,0.041667
3.785719,-1.40985449219,-0.35854296875,-0.01573828125,1.19340527344,0.00528125,0.726015625,0.0011845703125,0.041667
3.795781,-1.41530859375,-0.35854296875,-0.01559375,1.19035449219,0.0054873046875,0.730766601562,0.0011845703125,0.041667
3.805711,-1.42087207031,-0.35854296875,-0.01559375,1.18744921875,0.0054873046875,0.735518554688,0.0011845703125,0.041667
3.815765,-1.42633300781,-0.358748046875,-0.01573828125,1.18439941406,0.0054873046875,0.74026953125,0.0011845703125,0.041667
3.825494,-1.43178027344,-0.358954101563,-0.0158828125,1.18134960937,0.00528125,0.745227539063,0.0011845703125,0.041667
3.835513,-1.43734375,-0.359262695312,-0.01602734375,1.17829980469,0.00507421875,0.750184570312,0.0011845703125,0.041667
3.845583,-1.44290722656,-0.359674804688,-0.0161708984375,1.17525,0.00507421875,0.754729492187,0.0011845703125,0.041667
3.855519,-1.44845800781,-0.360092773438,-0.0163154296875,1.17205566406,0.0048681640625,0.7596875,0.0011845703125,0.041667
3.865567,-1.45422753906,-0.360607421875,-0.0164599609375,1.16900585937,0.0048681640625,0.76505859375,0.0011845703125,0.041667
3.875539,-1.45988769531,-0.361018554687,-0.0164599609375,1.16581152344,0.00507421875,0.770635742187,0.0011845703125,0.041667
3.885562,-1.46555371094,-0.36163671875,-0.0164599609375,1.16247265625,0.00528125,0.776419921875,0.0011845703125,0.041667
3.895557,-1.47131640625,-0.36225390625,-0.0164599609375,1.15927832031,0.00528125,0.781984375,0.0011845703125,0.041667
3.905584,-1.4769765625,-0.36287109375,-0.0164599609375,1.15593945313,0.00528125,0.78735546875,0.0011845703125,0.041667
3.915550,-1.48254003906,-0.363591796875,-0.0163154296875,1.15245605469,0.00528125,0.793139648437,0.0011845703125,0.041667
3.925552,-1.48820019531,-0.364311523438,-0.0161708984375,1.14896484375,0.00528125,0.798510742187,0.0011845703125,0.041667
3.935587,-1.49376367188,-0.365032226563,-0.0163154296875,1.14533691406,0.00528125,0.803674804687,0.0011845703125,0.041667
3.945577,-1.49921777344,-0.365649414063,-0.0163154296875,1.14142089844,0.00528125,0.809458984375,0.0011845703125,0.041667
3.955595,-1.50477539063,-0.366370117188,-0.0163154296875,1.13763964844,0.00528125,0.815643554688,0.0011845703125,0.041667
3.965579,-1.51033203125,-0.367090820313,-0.0163154296875,1.1335703125,0.00507421875,0.821633789062,0.0011845703125,0.041667
3.975515,-1.51578613281,-0.3679140625,-0.0163154296875,1.12965429688,0.0048681640625,0.82741796875,0.0009775390625,0.041667
3.985556,-1.52114355469,-0.368633789062,-0.0163154296875,1.12558496094,0.0046611328125,0.833189453125,0.0009775390625,0.041667
3.995532,-1.52659765625,-0.369354492187,-0.0164599609375,1.12137988281,0.0044541015625,0.838973632813,0.0009775390625,0.041667
4.005543,-1.53204589844,-0.370177734375,-0.0164599609375,1.11731054687,0.004248046875,0.843931640625,0.0009775390625,0.041667
4.015518,-1.53750585937,-0.371000976562,-0.0164599609375,1.11309667969,0.004248046875,0.849715820313,0.0009775390625,0.041667
4.026384,-1.5429609375,-0.371721679687,-0.0166044921875,1.10873828125,0.004248046875,0.855899414063,0.0009775390625,0.041667
4.035540,-1.54841503906,-0.37244140625,-0.0164599609375,1.10453320312,0.004248046875,0.86168359375,0.000771484375,0.041667
4.045554,-1.55386914063,-0.373264648438,-0.0164599609375,1.10017480469,0.004041015625,0.867455078125,0.000771484375,0.041667
4.055660,-1.55921972656,-0.373985351563,-0.0164599609375,1.095671875,0.004041015625,0.873239257813,0.000771484375,0.041667
4.065553,-1.56457128906,-0.374706054688,-0.0164599609375,1.09116992187,0.0038349609375,0.87859765625,0.000771484375,0.041667
4.075541,-1.56992285156,-0.375323242188,-0.0166044921875,1.08666699219,0.0036416015625,0.88376171875,0.000771484375,0.041667
4.085560,-1.5752734375,-0.375940429688,-0.0166044921875,1.0821640625,0.0036416015625,0.88892578125,0.000771484375,0.041667
4.095587,-1.580625,-0.376557617188,-0.0164599609375,1.07751660156,0.0034345703125,0.894490234375,0.000564453125,0.041667
4.105642,-1.58587304687,-0.376969726562,-0.0164599609375,1.07272558594,0.0034345703125,0.899861328125,0.000564453125,0.041667
4.115650,-1.59122460937,-0.377484375,-0.0164599609375,1.068078125,0.0034345703125,0.90542578125,0.000564453125,0.041667
4.125691,-1.59647265625,-0.377895507812,-0.0163154296875,1.06342285156,0.0034345703125,0.910796875,0.000564453125,0.041667
4.135734,-1.60172167969,-0.378205078125,-0.0163154296875,1.05862207031,0.0034345703125,0.915948242188,0.000564453125,0.041667
4.145720,-1.6068671875,-0.378513671875,-0.0163154296875,1.05383007813,0.0034345703125,0.920700195313,0.000564453125,0.041667
4.155727,-1.61200585937,-0.378822265625,-0.0163154296875,1.04918359375,0.0034345703125,0.925438476563,0.000564453125,0.041667
4.165707,-1.61715136719,-0.379028320312,-0.0163154296875,1.04439160156,0.0032275390625,0.929982421875,0.000564453125,0.041667
4.175745,-1.62220019531,-0.379233398437,-0.0164599609375,1.03960058594,0.003021484375,0.934720703125,0.000564453125,0.041667
4.185809,-1.6272421875,-0.379336914062,-0.0164599609375,1.03480957031,0.003021484375,0.939265625,0.000357421875,0.041667
4.195696,-1.63217578125,-0.379336914062,-0.0163154296875,1.03000878906,0.003021484375,0.9442109375,0.000357421875,0.041667
4.205745,-1.63721875,-0.379336914062,-0.0163154296875,1.02507324219,0.002814453125,0.94894921875,0.000357421875,0.041667
4.215710,-1.6420546875,-0.379336914062,-0.0163154296875,1.02028125,0.003021484375,0.953080078125,0.000357421875,0.041667
4.225713,-1.64699511719,-0.379233398437,-0.0163154296875,1.01549023438,0.002814453125,0.957612304688,0.000357421875,0.041667
4.236804,-1.65182519531,-0.379130859375,-0.0163154296875,1.01068945312,0.002814453125,0.961950195313,0.000357421875,0.041667
4.245723,-1.65666210938,-0.379028320312,-0.0161708984375,1.00604296875,0.002814453125,0.965862304688,0.000357421875,0.041667
4.255730,-1.66149804688,-0.378822265625,-0.0161708984375,1.00125097656,0.0024013671875,0.969787109375,0.000357421875,0.041667
4.265730,-1.66612890625,-0.378616210937,-0.0163154296875,0.996459960938,0.0024013671875,0.97390625,0.000357421875,0.041667
4.275736,-1.67096582031,-0.37841015625,-0.0163154296875,0.99195703125,0.0024013671875,0.977624023437,0.000357421875,0.041667
4.285740,-1.67559082031,-0.378205078125,-0.0161708984375,0.987309570312,0.0024013671875,0.981536132812,0.000357421875,0.041667
4.295703,-1.68032421875,-0.377895507812,-0.0163154296875,0.982797851562,0.0024013671875,0.98566796875,0.000357421875,0.041667
4.305699,-1.68495507813,-0.377690429687,-0.0163154296875,0.978295898437,0.0021953125,0.989580078125,0.000357421875,0.041667
4.315804,-1.6895859375,-0.377381835938,-0.0163154296875,0.9739375,0.00198828125,0.993504882813,0.000357421875,0.041667
4.325699,-1.69420996094,-0.376969726562,-0.0163154296875,0.969579101563,0.0017822265625,0.997416992188,0.000357421875,0.041667
4.336014,-1.69884082031,-0.376661132813,-0.0164599609375,0.965374023438,0.001587890625,1.00091503906,0.000357421875,0.041667
4.345776,-1.70336914062,-0.376249023437,-0.0164599609375,0.96116015625,0.0013818359375,1.00442773438,0.000357421875,0.041667
4.355711,-1.70810351562,-0.375734375,-0.0164599609375,0.957234375,0.0013818359375,1.00792578125,0.000357421875,0.041667
4.365722,-1.71263085937,-0.375220703125,-0.0164599609375,0.953309570312,0.0011748046875,1.01123144531,0.000357421875,0.041667
4.375701,-1.71725585938,-0.374706054688,-0.0164599609375,0.949393554687,0.00096875,1.0145234375,0.000357421875,0.041667
4.385729,-1.72188671875,-0.374087890625,-0.0166044921875,0.945612304688,0.00076171875,1.01762207031,0.000357421875,0.041667
4.395718,-1.72662011719,-0.373368164063,-0.0164599609375,0.94183203125,0.00076171875,1.02112109375,0.0001513671875,0.041667
4.405764,-1.73134765625,-0.372647460938,-0.0164599609375,0.938060546875,0.0005556640625,1.0246328125,0.0001513671875,0.041667
4.415743,-1.73607519531,-0.371926757813,-0.0164599609375,0.934568359375,0.0005556640625,1.02751171875,0.0001513671875,0.041667
4.425723,-1.74080859375,-0.371103515625,-0.0166044921875,0.931084960938,0.0003486328125,1.0310234375,0.0001513671875,0.041667
4.435688,-1.74554296875,-0.370383789063,-0.0166044921875,0.927890625,0.000142578125,1.034109375,0.0001513671875,0.041667
4.445917,-1.75027636719,-0.369560546875,-0.0166044921875,0.924840820313,-6.4453125e-05,1.03720800781,0.0001513671875,0.041667
4.455751,-1.75500976563,-0.368737304687,-0.0166044921875,0.921791015625,-0.0002578125,1.04029394531,0.0001513671875,0.041667
4.465763,-1.75983398437,-0.367810546875,-0.0166044921875,0.918885742187,-0.00046484375,1.04339257812,0.0001513671875,0.041667
4.475766,-1.76467089844,-0.366987304688,-0.0166044921875,0.916124023437,-0.0006708984375,1.04606542969,0.0001513671875,0.041667
4.485768,-1.76961035156,-0.365958984375,-0.0167490234375,0.9135078125,-0.0008779296875,1.0491640625,0.0001513671875,0.041667
4.495756,-1.77454980469,-0.365032226563,-0.0167490234375,0.910890625,-0.001083984375,1.0518359375,0.0001513671875,0.041667
4.505734,-1.77957910156,-0.364002929687,-0.0167490234375,0.90841796875,-0.001291015625,1.05390234375,0.0001513671875,0.041667
4.515751,-1.78451953125,-0.362974609375,-0.0167490234375,0.905955078125,-0.0014970703125,1.05657421875,0.0001513671875,0.041667
4.525827,-1.78966503906,-0.361841796875,-0.0167490234375,0.903482421875,-0.0017041015625,1.05946679688,0.0001513671875,0.041667
4.535765,-1.79491308594,-0.360709960938,-0.0167490234375,0.901154296875,-0.0017041015625,1.06172558594,0.0001513671875,0.041667
4.545768,-1.80004589844,-0.359571289063,-0.0167490234375,0.898979492187,-0.00191015625,1.06420507813,0.0001513671875,0.041667
4.555745,-1.80519042969,-0.358439453125,-0.0167490234375,0.896795898437,-0.0021171875,1.06647753906,0.0001513671875,0.041667
4.565490,-1.81043945313,-0.357307617187,-0.0168935546875,0.894765625,-0.002310546875,1.06873632812,0.0001513671875,0.041667
4.575526,-1.81578417969,-0.356073242188,-0.0168935546875,0.892735351562,-0.002517578125,1.07100878906,0.0001513671875,0.041667
4.585585,-1.82112890625,-0.354837890625,-0.0168935546875,0.890840820313,-0.002517578125,1.07285546875,0.0001513671875,0.041667
4.595638,-1.82637695313,-0.353603515625,-0.0167490234375,0.889098632813,-0.002517578125,1.0745078125,0.0001513671875,0.041667
4.605714,-1.83172167969,-0.352265625,-0.0166044921875,0.887212890625,-0.002517578125,1.0763671875,0.0001513671875,0.041667
4.615756,-1.83697070312,-0.350927734375,-0.0166044921875,0.885471679687,-0.002517578125,1.07738671875,0.0001513671875,0.041667
4.625740,-1.84220605469,-0.349486328125,-0.0164599609375,0.883577148438,-0.002310546875,1.07862597656,0.0001513671875,0.041667
4.635735,-1.8473515625,-0.348045898438,-0.0164599609375,0.881690429687,-0.002310546875,1.07986621094,0.0001513671875,0.041667
4.646733,-1.85249707031,-0.346708007812,-0.0164599609375,0.8798046875,-0.002310546875,1.08069238281,0.0001513671875,0.041667
4.655707,-1.85763574219,-0.3451640625,-0.0164599609375,0.8780546875,-0.002310546875,1.08151855469,0.0001513671875,0.041667
4.665770,-1.86267871094,-0.343723632813,-0.0164599609375,0.87616796875,-0.002517578125,1.08213867187,0.0001513671875,0.041667
4.675731,-1.86770800781,-0.342180664062,-0.0166044921875,0.874282226562,-0.002517578125,1.08234472656,0.0001513671875,0.041667
4.685771,-1.87275,-0.34063671875,-0.0167490234375,0.872387695313,-0.0029306640625,1.08253808594,0.0001513671875,0.041667
4.695748,-1.87788964844,-0.338990234375,-0.0168935546875,0.870501953125,-0.0029306640625,1.08274511719,0.0001513671875,0.041667
4.705858,-1.88303515625,-0.337440429687,-0.0168935546875,0.868759765625,-0.0031357421875,1.08253808594,0.0001513671875,0.041667
4.715756,-1.88827050781,-0.33579296875,-0.0168935546875,0.867018554687,-0.0031357421875,1.08234472656,0.0001513671875,0.041667
4.725781,-1.89341601562,-0.334140625,-0.0167490234375,0.865268554687,-0.0031357421875,1.08234472656,0.0001513671875,0.041667
4.735742,-1.8985546875,-0.332390625,-0.0167490234375,0.863526367187,-0.0031357421875,1.08213867187,0.0001513671875,0.041667
4.745714,-1.90370019531,-0.3305390625,-0.0166044921875,0.86178515625,-0.0033427734375,1.08193164062,0.0001513671875,0.041667
4.755738,-1.90883300781,-0.3287890625,-0.0166044921875,0.8601875,-0.0033427734375,1.08193164062,0.0001513671875,0.041667
4.765727,-1.91397167969,-0.327040039063,-0.0164599609375,0.858735351563,-0.0033427734375,1.08193164062,0.0001513671875,0.041667
4.775724,-1.91901464844,-0.325084960938,-0.0164599609375,0.857137695312,-0.0031357421875,1.08193164062,0.0001513671875,0.041667
4.785717,-1.92405078125,-0.323232421875,-0.0163154296875,0.855685546875,-0.0031357421875,1.08193164062,0.0001513671875,0.041667
4.795725,-1.92899023438,-0.321482421875,-0.0163154296875,0.854087890625,-0.0029306640625,1.08172460937,0.0001513671875,0.041667
4.805714,-1.93401953125,-0.319629882812,-0.0163154296875,0.852779296875,-0.0031357421875,1.08193164062,0.0001513671875,0.041667
4.815697,-1.93884960938,-0.317674804687,-0.0161708984375,0.851327148438,-0.0031357421875,1.08193164062,0.0001513671875,0.041667
4.825700,-1.94368652344,-0.31581640625,-0.0161708984375,0.849874023437,-0.0031357421875,1.08193164062,0.0001513671875,0.041667
4.835796,-1.94851660156,-0.313861328125,-0.0161708984375,0.848421875,-0.0033427734375,1.08193164062,0.0001513671875,0.041667
4.845687,-1.95325097656,-0.31190625,-0.0161708984375,0.84696875,-0.0033427734375,1.08193164062,0.0001513671875,0.041667
4.855718,-1.95797167969,-0.309950195313,-0.0161708984375,0.845515625,-0.0033427734375,1.08193164062,0.0001513671875,0.041667
4.865701,-1.96259570313,-0.3077890625,-0.0161708984375,0.844063476563,-0.0031357421875,1.08193164062,0.0001513671875,0.041667
4.875729,-1.96733007813,-0.305627929688,-0.0161708984375,0.842610351562,-0.0031357421875,1.08193164062,0.0001513671875,0.041667
4.885706,-1.97195410156,-0.303466796875,-0.01602734375,0.841157226563,-0.0033427734375,1.08193164062,0.0001513671875,0.041667
4.895707,-1.97646972656,-0.301203125,-0.01602734375,0.839705078125,-0.0033427734375,1.08193164062,0.0001513671875,0.041667
4.905714,-1.98110058594,-0.298939453125,-0.01602734375,0.838107421875,-0.0033427734375,1.08193164062,0.0001513671875,0.041667
4.915705,-1.98551855469,-0.29656640625,-0.01602734375,0.836798828125,-0.0033427734375,1.08172460937,0.0001513671875,0.041667
4.925725,-1.990046875,-0.29419921875,-0.0161708984375,0.835346679687,-0.0033427734375,1.08172460937,0.0001513671875,0.041667
4.935689,-1.99446582031,-0.291729492187,-0.0161708984375,0.834038085937,-0.0033427734375,1.08172460937,0.0001513671875,0.041667
4.945727,-1.99888378906,-0.289259765625,-0.0161708984375,0.832584960938,-0.003548828125,1.08172460937,0.0001513671875,0.041667
4.955795,-2.00330273438,-0.286686523438,-0.0161708984375,0.83127734375,-0.003548828125,1.08172460937,0.0001513671875,0.041667
4.965880,-2.00761816406,-0.284114257812,-0.0161708984375,0.83011328125,-0.003548828125,1.08151855469,0.0001513671875,0.041667
4.975726,-2.01203710938,-0.2813359375,-0.0161708984375,0.82894921875,-0.003548828125,1.08151855469,0.0001513671875,0.041667
4.985794,-2.01635253906,-0.27855078125,-0.01602734375,0.82778515625,-0.003548828125,1.08131152344,0.0001513671875,0.041667
4.995743,-2.02067480469,-0.275772460938,-0.01602734375,0.826774414062,-0.003548828125,1.08110546875,0.0001513671875,0.041667
5.005772,-2.02488183594,-0.272890625,-0.01602734375,0.825610351562,-0.003548828125,1.08110546875,0.0001513671875,0.041667
5.015750,-2.02909472656,-0.26990625,-0.0158828125,0.824590820312,-0.0033427734375,1.0808984375,0.0001513671875,0.041667
5.025758,-2.03331347656,-0.266921875,-0.0158828125,0.823571289062,-0.0033427734375,1.0808984375,0.0001513671875,0.041667
5.035732,-2.03742382813,-0.2639375,-0.01573828125,0.822560546875,-0.0031357421875,1.08069238281,0.0001513671875,0.041667
5.045742,-2.04153320313,-0.26084375,-0.01573828125,0.821541015625,-0.0029306640625,1.08048535156,0.0001513671875,0.041667
5.056784,-2.045546875,-0.257647460938,-0.01559375,0.820232421875,-0.0027236328125,1.08027929687,0.0001513671875,0.041667
5.065727,-2.04954785156,-0.25445703125,-0.01544921875,0.819068359375,-0.002517578125,1.07986621094,0.0001513671875,0.041667
5.075717,-2.05345117187,-0.251266601563,-0.0153046875,0.817759765625,-0.002517578125,1.07924609375,0.0001513671875,0.041667
5.085719,-2.05725878906,-0.247973632813,-0.0151611328125,0.816306640625,-0.002517578125,1.07883300781,0.0001513671875,0.041667
5.095836,-2.06106054687,-0.244673828125,-0.0150166015625,0.814854492187,-0.002517578125,1.07821289062,0.0001513671875,0.041667
5.105727,-2.06475878906,-0.241278320312,-0.0150166015625,0.813401367188,-0.002517578125,1.07738671875,0.0001513671875,0.041667
5.115723,-2.06836035156,-0.2378828125,-0.0148720703125,0.8118046875,-0.002517578125,1.07678027344,0.0001513671875,0.041667
5.125739,-2.07194921875,-0.234486328125,-0.0147275390625,0.81020703125,-0.002310546875,1.07595410156,0.0001513671875,0.041667
5.135703,-2.07544140625,-0.230981445313,-0.0145830078125,0.808465820313,-0.0021171875,1.07471484375,0.000357421875,0.041667
5.145737,-2.07894042969,-0.227482421875,-0.014294921875,0.8065703125,-0.00191015625,1.07347460938,0.000357421875,0.041667
5.155826,-2.08222753906,-0.223983398438,-0.013861328125,0.804684570312,-0.0014970703125,1.07223535156,0.000357421875,0.041667
5.165737,-2.08551367187,-0.220484375,-0.0134189453125,0.802798828125,-0.001291015625,1.07080273437,0.000357421875,0.041667
5.175733,-2.0886015625,-0.217087890625,-0.012986328125,0.800615234375,-0.001291015625,1.06935644531,0.000357421875,0.041667
5.185700,-2.09168164063,-0.213685546875,-0.012408203125,0.798584960937,-0.001083984375,1.06770410156,0.000357421875,0.041667
5.195704,-2.09456347656,-0.210392578125,-0.0119755859375,0.796256835937,-0.001291015625,1.06606445313,0.000357421875,0.041667
5.205746,-2.09743164062,-0.206997070313,-0.0115419921875,0.79408203125,-0.0017041015625,1.06420507813,0.000357421875,0.041667
5.215742,-2.10020410156,-0.203600585937,-0.011244140625,0.79175390625,-0.00191015625,1.06213964844,0.000357421875,0.041667
5.225814,-2.1030859375,-0.200198242187,-0.0111005859375,0.789426757813,-0.0021171875,1.05987988281,0.000357421875,0.041667
5.235732,-2.10585742188,-0.196802734375,-0.0108115234375,0.786962890625,-0.0021171875,1.05760742188,0.000357421875,0.041667
5.245718,-2.10853320312,-0.193303710938,-0.0108115234375,0.784345703125,-0.00191015625,1.05493457031,0.000357421875,0.041667
5.255749,-2.11130566406,-0.189598632813,-0.0106669921875,0.781729492187,-0.00191015625,1.05204296875,0.000357421875,0.041667
5.265485,-2.11398144531,-0.185990234375,-0.0105224609375,0.778967773438,-0.0017041015625,1.04895703125,0.000357421875,0.041667
5.275531,-2.116546875,-0.182485351563,-0.0105224609375,0.7760625,-0.0014970703125,1.04585839844,0.000357421875,0.041667
5.285530,-2.11912011719,-0.178986328125,-0.0103779296875,0.773157226562,-0.0014970703125,1.04256640625,0.0001513671875,0.041667
5.295584,-2.12157714844,-0.175590820313,-0.010234375,0.770107421875,-0.0014970703125,1.03926074219,0.0001513671875,0.041667
5.305545,-2.12394433594,-0.172188476562,-0.01008984375,0.767201171875,-0.0014970703125,1.03617480469,0.0001513671875,0.041667
5.315545,-2.1263046875,-0.16889453125,-0.01008984375,0.7640078125,-0.0017041015625,1.03226367188,0.0001513671875,0.041667
5.325530,-2.12846582031,-0.1656015625,-0.01008984375,0.760803710937,-0.00191015625,1.02813183594,0.0001513671875,0.041667
5.335517,-2.13072265625,-0.16230859375,-0.01008984375,0.757465820312,-0.00191015625,1.02380664062,0.0001513671875,0.041667
5.345532,-2.13288378906,-0.159009765625,-0.010234375,0.754126953125,-0.00191015625,1.01906835938,-5.56640625e-05,0.041667
5.355603,-2.1350390625,-0.155819335937,-0.010234375,0.750490234375,-0.00191015625,1.01431738281,-5.56640625e-05,0.041667
5.366506,-2.13720019531,-0.152526367188,-0.010234375,0.747006835937,-0.00191015625,1.00937207031,-5.56640625e-05,0.041667
5.375632,-2.13935449219,-0.1493359375,-0.010234375,0.743515625,-0.00191015625,1.00442773438,-5.56640625e-05,0.041667
5.385665,-2.141515625,-0.146139648437,-0.010234375,0.739887695312,-0.0021171875,0.999482421875,-5.56640625e-05,0.041667
5.395656,-2.14357324219,-0.143051757813,-0.010234375,0.736250976563,-0.00191015625,0.994731445313,-5.56640625e-05,0.041667
5.405713,-2.14572851563,-0.13996484375,-0.010234375,0.732470703125,-0.00191015625,0.989373046875,-5.56640625e-05,0.041667
5.415709,-2.14798632813,-0.13698046875,-0.010234375,0.728842773438,-0.00191015625,0.98380859375,-5.56640625e-05,0.041667
5.425703,-2.150140625,-0.134092773438,-0.010234375,0.7250625,-0.00191015625,0.977624023437,-5.56640625e-05,0.041667
5.435712,-2.15230175781,-0.131314453125,-0.010234375,0.72128125,-0.0021171875,0.971646484375,-0.00026171875,0.041667
5.445713,-2.15445605469,-0.12853515625,-0.010234375,0.717220703125,-0.0021171875,0.966069335937,-0.00026171875,0.041667
5.455705,-2.1566171875,-0.125962890625,-0.010234375,0.7133046875,-0.0021171875,0.959677734375,-0.00026171875,0.041667
5.466723,-2.15877246094,-0.123389648437,-0.010234375,0.709235351562,-0.002517578125,0.95411328125,-0.00046875,0.041667
5.475744,-2.16093261719,-0.120810546875,-0.0103779296875,0.705166015625,-0.0027236328125,0.948536132813,-0.00046875,0.041667
5.485892,-2.16319042969,-0.118444335938,-0.0106669921875,0.701240234375,-0.0031357421875,0.9423515625,-0.00046875,0.041667
5.495733,-2.16545507812,-0.116077148437,-0.0108115234375,0.69746875,-0.003962890625,0.9359609375,-0.00046875,0.041667
5.505730,-2.16781542969,-0.113607421875,-0.011244140625,0.69354296875,-0.0043623046875,0.929982421875,-0.00046875,0.041667
5.515724,-2.17018164063,-0.111240234375,-0.0115419921875,0.689762695313,-0.0045693359375,0.9239921875,-0.0006748046875,0.041667
5.525710,-2.17264550781,-0.1087578125,-0.0119755859375,0.685991210938,-0.004775390625,0.918427734375,-0.00046875,0.041667
5.535706,-2.17530859375,-0.106390625,-0.012552734375,0.682354492187,-0.004982421875,0.913056640625,-0.00046875,0.041667
5.545717,-2.17798339844,-0.103818359375,-0.013130859375,0.67887109375,-0.004982421875,0.907905273438,-0.00046875,0.041667
5.555711,-2.18075585938,-0.101451171875,-0.013716796875,0.67566796875,-0.0051884765625,0.9019140625,-0.00046875,0.041667
5.566667,-2.18363769531,-0.099083984375,-0.014294921875,0.672473632813,-0.0051884765625,0.896762695312,-0.00046875,0.041667
5.575740,-2.18651269531,-0.0967109375,-0.0148720703125,0.669423828125,-0.0051884765625,0.8918046875,-0.00046875,0.041667
5.585725,-2.18938769531,-0.09434375,-0.0153046875,0.666518554687,-0.0051884765625,0.886653320312,-0.00026171875,0.041667
5.595712,-2.19236523437,-0.0919775390625,-0.01573828125,0.663756835938,-0.0051884765625,0.882315429687,-0.00026171875,0.041667
5.605747,-2.19545214844,-0.089712890625,-0.0161708984375,0.66099609375,-0.0051884765625,0.87859765625,-0.00026171875,0.041667
5.615835,-2.19853320312,-0.0875517578125,-0.0166044921875,0.6585234375,-0.0053955078125,0.874685546875,-0.00026171875,0.041667
5.625725,-2.20181347656,-0.085384765625,-0.0170380859375,0.656060546875,-0.00580859375,0.871379882813,-0.00026171875,0.041667
5.635696,-2.205203125,-0.0832236328125,-0.017326171875,0.653876953125,-0.00580859375,0.867868164063,-0.00026171875,0.041667
5.645719,-2.20870214844,-0.0811650390625,-0.0177685546875,0.651846679687,-0.006001953125,0.864576171875,-0.00026171875,0.041667
5.655712,-2.212296875,-0.079107421875,-0.0180576171875,0.649951171875,-0.006001953125,0.861890625,-0.00026171875,0.041667
5.666448,-2.21599609375,-0.07715234375,-0.018345703125,0.648209960938,-0.006208984375,0.859411132813,-0.00026171875,0.041667
5.675520,-2.21989941406,-0.07529296875,-0.018490234375,0.646756835937,-0.006208984375,0.857139648438,-0.00026171875,0.041667
5.685604,-2.22390625,-0.0734404296875,-0.018779296875,0.6453046875,-0.006208984375,0.855486328125,-0.00026171875,0.041667
5.695579,-2.22800976562,-0.0715888671875,-0.018923828125,0.64399609375,-0.006208984375,0.854041015625,-0.00026171875,0.041667
5.705604,-2.23212011719,-0.0699423828125,-0.018923828125,0.6429765625,-0.006208984375,0.85280078125,-0.00026171875,0.041667
5.715593,-2.23633300781,-0.0681923828125,-0.019068359375,0.642110351562,-0.006001953125,0.851974609375,-0.00026171875,0.041667
5.725584,-2.2406484375,-0.0666484375,-0.019068359375,0.641234375,-0.006001953125,0.851561523438,-5.56640625e-05,0.041667
5.735755,-2.24506054688,-0.06510546875,-0.018923828125,0.640368164062,-0.00580859375,0.85135546875,-5.56640625e-05,0.041667
5.745820,-2.24937695313,-0.063658203125,-0.018779296875,0.639782226562,-0.0056025390625,0.851561523438,-5.56640625e-05,0.041667
5.755726,-2.25379492187,-0.0622177734375,-0.018779296875,0.639204101562,-0.0056025390625,0.851561523438,-5.56640625e-05,0.041667
5.765745,-2.25820703125,-0.060982421875,-0.018779296875,0.638762695312,-0.0056025390625,0.851561523438,-5.56640625e-05,0.041667
5.775735,-2.26262597656,-0.0598505859375,-0.018779296875,0.638329101563,-0.0056025390625,0.851561523438,-5.56640625e-05,0.041667
5.785728,-2.26714746094,-0.05871875,-0.018923828125,0.638040039062,-0.0056025390625,0.85135546875,-5.56640625e-05,0.041667
5.795704,-2.271765625,-0.057689453125,-0.018923828125,0.637751953125,-0.0056025390625,0.85135546875,-0.00026171875,0.041667
5.805784,-2.27628710938,-0.0568662109375,-0.018779296875,0.637607421875,-0.0056025390625,0.85135546875,-0.00026171875,0.041667
5.815669,-2.28091210937,-0.0561455078125,-0.018779296875,0.637607421875,-0.0051884765625,0.85135546875,-0.00026171875,0.041667
5.825520,-2.2856328125,-0.0555283203125,-0.018634765625,0.637607421875,-0.0051884765625,0.85135546875,-0.00026171875,0.041667
5.835603,-2.29014746094,-0.055013671875,-0.018634765625,0.637607421875,-0.004982421875,0.851561523438,-0.00026171875,0.041667
5.845540,-2.29477246094,-0.0546025390625,-0.018490234375,0.637607421875,-0.004982421875,0.851561523438,-0.00026171875,0.041667
5.855550,-2.29939648437,-0.054396484375,-0.018490234375,0.637607421875,-0.0051884765625,0.851561523438,-0.00026171875,0.041667
5.865663,-2.30391796875,-0.05429296875,-0.018490234375,0.637607421875,-0.0051884765625,0.851561523438,-0.00026171875,0.041667
5.875749,-2.30833007813,-0.0541904296875,-0.018634765625,0.637607421875,-0.0051884765625,0.851561523438,-0.00026171875,0.041667
5.885650,-2.3128515625,-0.0541904296875,-0.018634765625,0.637607421875,-0.0051884765625,0.851561523438,-0.00026171875,0.041667
5.895632,-2.31726367188,-0.054396484375,-0.018634765625,0.637454101563,-0.0051884765625,0.851561523438,-0.00046875,0.041667
5.905685,-2.32178613281,-0.0546025390625,-0.018779296875,0.637454101563,-0.0051884765625,0.851561523438,-0.00046875,0.041667
5.915668,-2.32619824219,-0.055013671875,-0.018634765625,0.637454101563,-0.0051884765625,0.851561523438,-0.00046875,0.041667
5.925716,-2.33071972656,-0.0555283203125,-0.018634765625,0.637454101563,-0.0051884765625,0.851768554688,-0.00046875,0.041667
5.935709,-2.33503515625,-0.0561455078125,-0.018634765625,0.637454101563,-0.0051884765625,0.851768554688,-0.0006748046875,0.041667
5.945714,-2.33934472656,-0.056763671875,-0.018634765625,0.637454101563,-0.0051884765625,0.851974609375,-0.0006748046875,0.041667
5.955708,-2.34365332031,-0.0575869140625,-0.018634765625,0.637607421875,-0.0051884765625,0.851974609375,-0.0006748046875,0.041667
5.965728,-2.34786621094,-0.05841015625,-0.018634765625,0.637607421875,-0.0053955078125,0.851974609375,-0.0006748046875,0.041667
5.975711,-2.3519765625,-0.0593359375,-0.018779296875,0.637607421875,-0.0056025390625,0.852181640625,-0.0006748046875,0.041667
5.985710,-2.35618261719,-0.060365234375,-0.018779296875,0.637607421875,-0.0056025390625,0.852181640625,-0.0006748046875,0.041667
5.995720,-2.36018945312,-0.06139453125,-0.018779296875,0.637607421875,-0.0056025390625,0.852387695313,-0.0006748046875,0.041667
6.005877,-2.36429980469,-0.0625263671875,-0.018779296875,0.637607421875,-0.0056025390625,0.85280078125,-0.0006748046875,0.041667
6.015726,-2.36830664063,-0.063658203125,-0.018779296875,0.637607421875,-0.0056025390625,0.853213867188,-0.0006748046875,0.041667
6.025730,-2.3722109375,-0.064892578125,-0.018779296875,0.637751953125,-0.00580859375,0.853627929688,-0.0006748046875,0.041667
6.035743,-2.37610253906,-0.066134765625,-0.018779296875,0.637751953125,-0.00580859375,0.854247070313,-0.0006748046875,0.041667
6.045738,-2.37990332031,-0.0674716796875,-0.018779296875,0.637751953125,-0.006001953125,0.85466015625,-0.0006748046875,0.041667
6.055750,-2.38370410156,-0.0688095703125,-0.018779296875,0.637896484375,-0.006208984375,0.855280273438,-0.0006748046875,0.041667
6.065725,-2.38740234375,-0.0701474609375,-0.018779296875,0.637896484375,-0.006208984375,0.855899414063,-0.0006748046875,0.041667
6.075714,-2.39099804688,-0.0715888671875,-0.018779296875,0.637896484375,-0.006208984375,0.8567265625,-0.0006748046875,0.041667
6.086673,-2.39459375,-0.0729267578125,-0.018779296875,0.638040039062,-0.0064150390625,0.857758789063,-0.0006748046875,0.041667
6.095742,-2.39818261719,-0.0743671875,-0.018779296875,0.638040039062,-0.0066220703125,0.858791992188,-0.0006748046875,0.041667
6.105743,-2.40157226563,-0.0758076171875,-0.018923828125,0.638184570312,-0.0068291015625,0.86003125,-0.0006748046875,0.041667
6.115725,-2.40496191406,-0.07715234375,-0.018923828125,0.638184570312,-0.00703515625,0.861064453125,-0.0006748046875,0.041667
6.125725,-2.40834472656,-0.078490234375,-0.018923828125,0.638329101563,-0.0072421875,0.862509765625,-0.0006748046875,0.041667
6.135883,-2.41163085938,-0.079724609375,-0.019068359375,0.638329101563,-0.0074482421875,0.864163085938,-0.0006748046875,0.041667
6.145739,-2.41491796875,-0.0810625,-0.019068359375,0.638329101563,-0.0076552734375,0.866008789063,-0.0006748046875,0.041667
6.155747,-2.41820410156,-0.0822978515625,-0.019068359375,0.638329101563,-0.0080556640625,0.867868164063,-0.0008818359375,0.041667
6.165729,-2.42138867187,-0.0834296875,-0.0192119140625,0.638329101563,-0.0086748046875,0.870140625,-0.0008818359375,0.041667
6.175690,-2.42457226563,-0.0845615234375,-0.0193564453125,0.638473632813,-0.0088818359375,0.872619140625,-0.0008818359375,0.041667
6.186710,-2.42775585937,-0.0855908203125,-0.0193564453125,0.638473632813,-0.0095009765625,0.8753046875,-0.0008818359375,0.041667
6.195728,-2.43093945313,-0.0865166015625,-0.0196455078125,0.638618164063,-0.0099013671875,0.877784179687,-0.0006748046875,0.041667
6.205733,-2.43412304687,-0.0872373046875,-0.0197900390625,0.638618164063,-0.0101083984375,0.880663085937,-0.0006748046875,0.041667
6.215735,-2.43720410156,-0.0879638671875,-0.0199345703125,0.638618164063,-0.010521484375,0.88376171875,-0.0006748046875,0.041667
6.225750,-2.44028515625,-0.0885810546875,-0.020078125,0.638618164063,-0.0107275390625,0.886860351562,-0.0008818359375,0.041667
6.235695,-2.44346191406,-0.0889931640625,-0.020078125,0.638618164063,-0.0107275390625,0.890359375,-0.0008818359375,0.041667
6.245727,-2.44644042969,-0.0893017578125,-0.02022265625,0.638618164063,-0.0109345703125,0.894284179687,-0.0008818359375,0.041667
6.255718,-2.44941796875,-0.0896103515625,-0.0203671875,0.638618164063,-0.011140625,0.898416015625,-0.0008818359375,0.041667
6.265861,-2.45239550781,-0.08981640625,-0.02051171875,0.638762695312,-0.011140625,0.902740234375,-0.0008818359375,0.041667
6.275715,-2.45527050781,-0.0899189453125,-0.02051171875,0.638762695312,-0.0109345703125,0.9074921875,-0.0008818359375,0.041667
6.286725,-2.45814550781,-0.0899189453125,-0.02051171875,0.638762695312,-0.0109345703125,0.91223046875,-0.0008818359375,0.041667
6.295699,-2.46091796875,-0.0899189453125,-0.0203671875,0.638762695312,-0.0107275390625,0.91739453125,-0.0008818359375,0.041667
6.305675,-2.463484375,-0.0899189453125,-0.0203671875,0.638762695312,-0.010521484375,0.92233984375,-0.0008818359375,0.041667
6.315689,-2.46605078125,-0.08981640625,-0.02022265625,0.638762695312,-0.010521484375,0.927296875,-0.0008818359375,0.041667
6.325715,-2.46851367187,-0.08981640625,-0.020078125,0.638762695312,-0.010521484375,0.9322421875,-0.0008818359375,0.041667
6.335725,-2.47077832031,-0.0896103515625,-0.020078125,0.638762695312,-0.010521484375,0.937819335937,-0.0008818359375,0.041667
6.345730,-2.47283007812,-0.0896103515625,-0.020078125,0.638762695312,-0.010314453125,0.943177734375,-0.0008818359375,0.041667
6.355724,-2.47519042969,-0.0895078125,-0.020078125,0.638762695312,-0.010314453125,0.950188476563,-0.0008818359375,0.041667
6.365706,-2.47713867188,-0.089404296875,-0.02022265625,0.638762695312,-0.010521484375,0.956786132813,-0.0008818359375,0.041667
6.375727,-2.47908789062,-0.0893017578125,-0.02022265625,0.638762695312,-0.010521484375,0.963396484375,-0.0008818359375,0.041667
6.385786,-2.48072753906,-0.0893017578125,-0.02022265625,0.638762695312,-0.010521484375,0.96875390625,-0.0008818359375,0.041667
6.395510,-2.48258007812,-0.0891982421875,-0.02022265625,0.638916015625,-0.0107275390625,0.97555859375,-0.0008818359375,0.041667
6.405438,-2.4841171875,-0.0889931640625,-0.02022265625,0.638762695312,-0.0107275390625,0.982362304687,-0.0008818359375,0.041667
6.415555,-2.4857578125,-0.0888896484375,-0.02022265625,0.638618164063,-0.0107275390625,0.989373046875,-0.0008818359375,0.041667
6.425641,-2.48730078125,-0.0888896484375,-0.02022265625,0.638618164063,-0.0107275390625,0.996796875,-0.0008818359375,0.041667
6.435645,-2.48873535156,-0.088787109375,-0.02022265625,0.638618164063,-0.0107275390625,1.00422070312,-0.0008818359375,0.041667
6.445658,-2.49007324219,-0.0886845703125,-0.02022265625,0.638618164063,-0.0107275390625,1.01102441406,-0.0008818359375,0.041667
6.455675,-2.49141113281,-0.0885810546875,-0.02022265625,0.638762695312,-0.0109345703125,1.01741601563,-0.0008818359375,0.041667
6.465699,-2.49263964844,-0.088375,-0.0203671875,0.638618164063,-0.0109345703125,1.02442675781,-0.0008818359375,0.041667
6.475736,-2.493875,-0.0882724609375,-0.0203671875,0.638329101563,-0.0109345703125,1.03205664063,-0.0008818359375,0.041667
6.485740,-2.495,-0.088169921875,-0.02022265625,0.638473632813,-0.0107275390625,1.03926074219,-0.0008818359375,0.041667
6.496799,-2.49613183594,-0.08806640625,-0.020078125,0.638473632813,-0.0107275390625,1.04668457031,-0.0008818359375,0.041667
6.505721,-2.49716113281,-0.0879638671875,-0.020078125,0.638473632813,-0.010521484375,1.05348925781,-0.0008818359375,0.041667
6.515696,-2.49818359375,-0.087861328125,-0.020078125,0.638618164063,-0.010521484375,1.05967285156,-0.0008818359375,0.041667
6.525864,-2.49900683594,-0.0877578125,-0.020078125,0.638473632813,-0.0107275390625,1.06647753906,-0.0008818359375,0.041667
6.535732,-2.49983007813,-0.0875517578125,-0.02022265625,0.638184570312,-0.0107275390625,1.07368164063,-0.0008818359375,0.041667
6.545726,-2.50075,-0.0875517578125,-0.020078125,0.638329101563,-0.010521484375,1.08048535156,-0.0008818359375,0.041667
6.555734,-2.50157324219,-0.08744921875,-0.020078125,0.638329101563,-0.010521484375,1.08687695312,-0.0008818359375,0.041667
6.565715,-2.50229394531,-0.08744921875,-0.020078125,0.638184570312,-0.010314453125,1.0934609375,-0.0008818359375,0.041667
6.575714,-2.5030078125,-0.08744921875,-0.020078125,0.638329101563,-0.010314453125,1.09902539063,-0.0008818359375,0.041667
6.585704,-2.503625,-0.08733984375,-0.020078125,0.638184570312,-0.010521484375,1.10438378906,-0.0008818359375,0.041667
6.595696,-2.5042421875,-0.08733984375,-0.020078125,0.638040039062,-0.010314453125,1.11036132812,-0.0008818359375,0.041667
6.605736,-2.50486035156,-0.08733984375,-0.020078125,0.637896484375,-0.010314453125,1.11571972656,-0.0008818359375,0.041667
6.615693,-2.505375,-0.08733984375,-0.020078125,0.638040039062,-0.010314453125,1.121078125,-0.0008818359375,0.041667
6.625768,-2.5058828125,-0.08733984375,-0.020078125,0.638040039062,-0.0101083984375,1.12622949219,-0.0008818359375,0.041667
6.635770,-2.50639746094,-0.08733984375,-0.020078125,0.638040039062,-0.0101083984375,1.1305546875,-0.0008818359375,0.041667
6.645739,-2.50691210937,-0.08733984375,-0.0199345703125,0.638040039062,-0.0101083984375,1.13425976562,-0.0008818359375,0.041667
6.655878,-2.50732324219,-0.08733984375,-0.0199345703125,0.637751953125,-0.0099013671875,1.13796484375,-0.0008818359375,0.041667
6.665731,-2.50773535156,-0.08733984375,-0.0199345703125,0.637607421875,-0.0099013671875,1.14167089844,-0.0008818359375,0.041667
6.675787,-2.50825,-0.08744921875,-0.0199345703125,0.637607421875,-0.0097080078125,1.14516992187,-0.0006748046875,0.041667
6.685736,-2.50865527344,-0.0875517578125,-0.0197900390625,0.637607421875,-0.0095009765625,1.14806152344,-0.0006748046875,0.041667
6.695692,-2.50896386719,-0.0876552734375,-0.0197900390625,0.637607421875,-0.0095009765625,1.150734375,-0.0006748046875,0.041667
6.705724,-2.509375,-0.0877578125,-0.0197900390625,0.637607421875,-0.009294921875,1.15279980469,-0.0006748046875,0.041667
6.715700,-2.50968359375,-0.087861328125,-0.0197900390625,0.637454101563,-0.009294921875,1.15464648437,-0.0006748046875,0.041667
6.725728,-2.5099921875,-0.0879638671875,-0.0197900390625,0.637454101563,-0.009087890625,1.15609179687,-0.0006748046875,0.041667
6.735715,-2.51030175781,-0.08806640625,-0.0196455078125,0.637454101563,-0.009087890625,1.15731835938,-0.0006748046875,0.041667
6.745714,-2.51050683594,-0.088169921875,-0.0196455078125,0.637454101563,-0.0088818359375,1.15814453125,-0.0006748046875,0.041667
6.755713,-2.51071289062,-0.088375,-0.0196455078125,0.637454101563,-0.0088818359375,1.15855761719,-0.0006748046875,0.041667
6.765686,-2.51091894531,-0.088478515625,-0.0195009765625,0.637454101563,-0.009087890625,1.15855761719,-0.0006748046875,0.041667
6.775691,-2.511125,-0.0885810546875,-0.0195009765625,0.637454101563,-0.009087890625,1.15855761719,-0.0006748046875,0.041667
6.785747,-2.51133007812,-0.0886845703125,-0.0193564453125,0.637309570313,-0.0088818359375,1.15855761719,-0.0006748046875,0.041667
6.795702,-2.51153027344,-0.088787109375,-0.019068359375,0.637309570313,-0.0088818359375,1.1583515625,-0.0006748046875,0.041667
6.806832,-2.51173535156,-0.0888896484375,-0.018923828125,0.637309570313,-0.0086748046875,1.1583515625,-0.0006748046875,0.041667
6.815725,-2.51183886719,-0.0889931640625,-0.018779296875,0.637309570313,-0.00826171875,1.15855761719,-0.0006748046875,0.041667
6.825706,-2.51204394531,-0.0889931640625,-0.018634765625,0.637454101563,-0.007861328125,1.15855761719,-0.0006748046875,0.041667
6.835477,-2.51204394531,-0.0889931640625,-0.018490234375,0.637454101563,-0.0076552734375,1.15855761719,-0.0006748046875,0.041667
6.845524,-2.51214746094,-0.0889931640625,-0.018345703125,0.637309570313,-0.0072421875,1.15855761719,-0.0006748046875,0.041667
6.855516,-2.51225,-0.0889931640625,-0.018201171875,0.637309570313,-0.00703515625,1.1583515625,-0.0006748046875,0.041667
6.865595,-2.51235351563,-0.0889931640625,-0.0180576171875,0.637309570313,-0.0068291015625,1.1583515625,-0.0006748046875,0.041667
6.875590,-2.51245605469,-0.0889931640625,-0.0179130859375,0.637309570313,-0.0066220703125,1.1583515625,-0.0006748046875,0.041667
6.885716,-2.51245605469,-0.0889931640625,-0.0177685546875,0.637309570313,-0.006208984375,1.15855761719,-0.0006748046875,0.041667
6.895755,-2.51245605469,-0.0889931640625,-0.0177685546875,0.637309570313,-0.006208984375,1.15855761719,-0.0006748046875,0.041667
6.905751,-2.51255859375,-0.0889931640625,-0.0176240234375,0.637309570313,-0.006208984375,1.15855761719,-0.0006748046875,0.041667
6.915966,-2.51255859375,-0.0889931640625,-0.0176240234375,0.637309570313,-0.006208984375,1.15855761719,-0.00046875,0.041667
6.925762,-2.51255859375,-0.0889931640625,-0.0174794921875,0.637309570313,-0.006208984375,1.15855761719,-0.00046875,0.041667
6.935760,-2.51255859375,-0.0889931640625,-0.0174794921875,0.637309570313,-0.006208984375,1.15855761719,-0.00046875,0.041667
6.945773,-2.51255859375,-0.0889931640625,-0.0174794921875,0.637309570313,-0.006208984375,1.15855761719,-0.00046875,0.041667
6.955657,-2.51255859375,-0.0889931640625,-0.0174794921875,0.637309570313,-0.006001953125,1.15855761719,-0.00046875,0.041667
6.965733,-2.51255859375,-0.0889931640625,-0.0174794921875,0.637309570313,-0.006208984375,1.15855761719,-0.00046875,0.041667
6.975666,-2.51255859375,-0.0889931640625,-0.0174794921875,0.637309570313,-0.006208984375,1.15855761719,-0.00046875,0.041667
6.985765,-2.51255859375,-0.0889931640625,-0.0174794921875,0.637309570313,-0.006208984375,1.15855761719,-0.00046875,0.041667
6.995728,-2.51266210937,-0.0889931640625,-0.0174794921875,0.637309570313,-0.006208984375,1.15855761719,-0.00046875,0.041667
7.005696,-2.51266210937,-0.0889931640625,-0.0174794921875,0.637309570313,-0.006001953125,1.15855761719,-0.00046875,0.041667
7.016673,-2.51266210937,-0.0889931640625,-0.0174794921875,0.637309570313,-0.006001953125,1.15855761719,-0.00046875,0.041667
7.025722,-2.51266210937,-0.0889931640625,-0.0174794921875,0.637309570313,-0.006001953125,1.1583515625,-0.00046875,0.041667
7.035679,-2.51266210937,-0.089095703125,-0.0174794921875,0.637165039062,-0.006001953125,1.1583515625,-0.00046875,0.041667
7.045862,-2.51266210937,-0.089095703125,-0.0174794921875,0.637165039062,-0.00580859375,1.1583515625,-0.00046875,0.041667
7.055677,-2.51266210937,-0.089095703125,-0.0174794921875,0.637165039062,-0.00580859375,1.1583515625,-0.00026171875,0.041667
7.065727,-2.