time,right_j0,right_j1,right_j2,right_j3,right_j4,right_j5,right_j6,right_gripper
0.000000000000,-0.035605373889,-0.882356033067,0.000000000000,2.088133493185,0.000000000000,0.003186051031,0.000000000000,0.040207560420
0.050135784234,-0.108266533492,-0.900546201668,0.000000000000,2.073833893730,0.000000000000,0.007810199848,0.000000000000,0.040207560420
0.100271568468,-0.206276237600,-0.934252439588,0.000000000000,2.057393071339,0.000000000000,0.013205868905,0.000000000000,0.040207560420
0.150407352702,-0.318671606093,-0.986969763335,0.000000000000,2.042532375748,0.000000000000,0.018202948665,0.000000000000,0.040207560420
0.200543136936,-0.434580519256,-1.056426392271,0.000000000000,2.031899570729,0.000000000000,0.021829860011,0.000000000000,0.040207560420
0.250678921171,-0.544006276382,-1.134159524644,0.000000000000,2.026915211190,0.000000000000,0.023490223788,0.000000000000,0.040207560420
0.300814705405,-0.638265369859,-1.208326652144,0.000000000000,2.027997850468,0.000000000000,0.023045917717,0.000000000000,0.040207560420
0.350950489639,-0.710415968062,-1.267285634643,0.000000000000,2.034657480236,0.000000000000,0.020798928944,0.000000000000,0.040207560420
0.401086273873,-0.755810629852,-1.302127907066,0.000000000000,2.045612749317,0.000000000000,0.017385853419,0.000000000000,0.040207560420
0.451222058107,-0.772453417043,-1.307966793844,0.000000000000,2.059032030889,0.000000000000,0.013615289554,0.000000000000,0.040207560420
0.501357842341,-0.761002076118,-1.284314051747,0.000000000000,2.072865431461,0.000000000000,0.010286838203,0.000000000000,0.040207560420
0.551493626575,-0.724548198252,-1.234959074273,0.000000000000,2.085177079838,0.000000000000,0.008030147859,0.000000000000,0.040207560420
0.601629410809,-0.668254038039,-1.167314638789,0.000000000000,2.094416310780,0.000000000000,0.007194534596,0.000000000000,0.040207560420
0.651765195043,-0.598912653018,-1.091230519132,0.000000000000,2.099591772581,0.000000000000,0.007806433733,0.000000000000,0.040207560420
0.701900979277,-0.524288339023,-1.017410031169,0.000000000000,2.100366069376,0.000000000000,0.009596516865,0.000000000000,0.040207560420
0.752036763512,-0.452350578681,-0.955718230746,0.000000000000,2.097063976038,0.000000000000,0.012083992979,0.000000000000,0.040207560420
0.802172547746,-0.390496414293,-0.913691846456,0.000000000000,2.090598516416,0.000000000000,0.014695274372,0.000000000000,0.040207560420
0.852308331980,-0.344835294790,-0.895499696461,0.000000000000,2.082313380388,0.000000000000,0.016889476810,0.000000000000,0.040207560420
0.902444116214,-0.319672291497,-0.901474722747,0.000000000000,2.073756151102,0.000000000000,0.018264641751,0.000000000000,0.040207560420
0.952579900448,-0.317131238280,-0.928274988695,0.000000000000,2.066432482086,0.000000000000,0.018625121302,0.000000000000,0.040207560420
1.002715684682,-0.337040486554,-0.969583855296,0.000000000000,2.061573321366,0.000000000000,0.018000404836,0.000000000000,0.040207560420
1.052851468916,-0.377021450432,-1.017229698770,0.000000000000,2.059963370245,0.000000000000,0.016616467127,0.000000000000,0.040207560420
1.102987253150,-0.432859084259,-1.062503740968,0.000000000000,2.061844221919,0.000000000000,0.014830227749,0.000000000000,0.040207560420
1.153123037384,-0.499011896884,-1.097500430397,0.000000000000,2.066909743621,0.000000000000,0.013044096116,0.000000000000,0.040207560420
1.203258821619,-0.569269964836,-1.116257652188,0.000000000000,2.074380986236,0.000000000000,0.011619915515,0.000000000000,0.040207560420
1.253394605853,-0.637420589966,-1.115564297231,0.000000000000,2.083149747561,0.000000000000,0.010809785920,0.000000000000,0.040207560420
1.303530390087,-0.697856348145,-1.095334524944,0.000000000000,2.091962841554,0.000000000000,0.010716073615,0.000000000000,0.040207560420
1.353666174321,-0.746107363741,-1.058488636459,0.000000000000,2.099615887463,0.000000000000,0.011285767816,0.000000000000,0.040207560420
1.403801958555,-0.779192733965,-1.010387342903,0.000000000000,2.105134837010,0.000000000000,0.012336862942,0.000000000000,0.040207560420
1.453937742789,-0.795843885978,-0.957903668033,0.000000000000,2.107909059621,0.000000000000,0.013608205416,0.000000000000,0.040207560420
1.504073527023,-0.796526346851,-0.908310515832,0.000000000000,2.107766261720,0.000000000000,0.014820343472,0.000000000000,0.040207560420
1.554209311257,-0.783284711614,-0.868152489135,0.000000000000,2.104978852103,0.000000000000,0.015733952819,0.000000000000,0.040207560420
1.604345095491,-0.759470123286,-0.842269560209,0.000000000000,2.100199210914,0.000000000000,0.016194255012,0.000000000000,0.040207560420
1.654480879725,-0.729322737755,-0.833141824638,0.000000000000,2.094344171267,0.000000000000,0.016153839970,0.000000000000,0.040207560420
1.704616663960,-0.697495407251,-0.840623317970,0.000000000000,2.088444201611,0.000000000000,0.015671450695,0.000000000000,0.040207560420
1.754752448194,-0.668585492130,-0.862080349228,0.000000000000,2.083479844493,0.000000000000,0.014889398733,0.000000000000,0.040207560420
1.804888232428,-0.646670075619,-0.892914440267,0.000000000000,2.080236845975,0.000000000000,0.013996330515,0.000000000000,0.040207560420
1.855024016662,-0.634915579597,-0.927359688825,0.000000000000,2.079197942931,0.000000000000,0.013184361943,0.000000000000,0.040207560420
1.905159800896,-0.635323385142,-0.959408355969,0.000000000000,2.080482918917,0.000000000000,0.012609830628,0.000000000000,0.040207560420
1.955295585130,-0.648591892205,-0.983733687946,0.000000000000,2.083848411036,0.000000000000,0.012365244610,0.000000000000,0.040207560420
2.005431369364,-0.674097789602,-0.996471130119,0.000000000000,2.088744928474,0.000000000000,0.012466979376,0.000000000000,0.040207560420
2.055567153598,-0.710025948864,-0.995731625579,0.000000000000,2.094415388470,0.000000000000,0.012859631410,0.000000000000,0.040207560420
2.105702937832,-0.753623256541,-0.981785161652,0.000000000000,2.100019053894,0.000000000000,0.013434468035,0.000000000000,0.040207560420
2.155838722066,-0.801520509342,-0.956913990564,0.000000000000,2.104764055797,0.000000000000,0.014056815169,0.000000000000,0.040207560420
2.205974506301,-0.850094667677,-0.924969885358,0.000000000000,2.108026721129,0.000000000000,0.014595938318,0.000000000000,0.040207560420
2.256110290535,-0.895852534259,-0.890708512614,0.000000000000,2.109437543871,0.000000000000,0.014951117591,0.000000000000,0.040207560420
2.306246074769,-0.935789738982,-0.859016936880,0.000000000000,2.108923280185,0.000000000000,0.015069019467,0.000000000000,0.040207560420
2.356381859003,-0.967672303510,-0.834165450200,0.000000000000,2.106703290243,0.000000000000,0.014949722452,0.000000000000,0.040207560420
2.406517643237,-0.990216581843,-0.819195171909,0.000000000000,2.103242740172,0.000000000000,0.014641319775,0.000000000000,0.040207560420
2.456653427471,-1.003168059414,-0.815520474389,0.000000000000,2.099169998434,0.000000000000,0.014225344457,0.000000000000,0.040207560420
2.506789211705,-1.007280574834,-0.822793988741,0.000000000000,2.095172100854,0.000000000000,0.013796892829,0.000000000000,0.040207560420
2.556924995939,-1.004194468268,-0.839046312274,0.000000000000,2.091886659315,0.000000000000,0.013444003863,0.000000000000,0.040207560420
2.607060780173,-0.996223508505,-0.861068979587,0.000000000000,2.089807898765,0.000000000000,0.013230543636,0.000000000000,0.040207560420
2.657196564408,-0.986079294103,-0.884968176917,0.000000000000,2.089219885226,0.000000000000,0.013185707943,0.000000000000,0.040207560420
2.707332348642,-0.976571605099,-0.906792213534,0.000000000000,2.090164551090,0.000000000000,0.013301603011,0.000000000000,0.040207560420
2.757468132876,-0.970319444382,-0.923132536560,0.000000000000,2.092447225798,0.000000000000,0.013538580737,0.000000000000,0.040207560420
2.807603917110,-0.969498375237,-0.931610933179,0.000000000000,2.095677564295,0.000000000000,0.013836466363,0.000000000000,0.040207560420
2.857739701344,-0.975643321330,-0.931187644361,0.000000000000,2.099338657450,0.000000000000,0.014128810829,0.000000000000,0.040207560420
2.907875485578,-0.989522759246,-0.922252996938,0.000000000000,2.102872558648,0.000000000000,0.014356977212,0.000000000000,0.040207560420
2.958011269812,-1.011095884948,-0.906497479752,0.000000000000,2.105767923191,0.000000000000,0.014481226249,0.000000000000,0.040207560420
3.008147054046,-1.039556040934,-0.886588964791,0.000000000000,2.107635776259,0.000000000000,0.014486859220,0.000000000000,0.040207560420
3.058282838280,-1.073452755056,-0.865715372472,0.000000000000,2.108262329358,0.000000000000,0.014384672427,0.000000000000,0.040207560420
3.108418622514,-1.110874751885,-0.847070370671,0.000000000000,2.107632245006,0.000000000000,0.014206203923,0.000000000000,0.040207560420
3.158554406749,-1.149670098391,-0.833364893070,0.000000000000,2.105920707891,0.000000000000,0.013995259114,0.000000000000,0.040207560420
3.208690190983,-1.187677881934,-0.826438258536,0.000000000000,2.103457300034,0.000000000000,0.013797805728,0.000000000000,0.040207560420
3.258825975217,-1.222947421967,-0.827022481495,0.000000000000,2.100668516045,0.000000000000,0.013652448572,0.000000000000,0.040207560420
3.308961759451,-1.253924520856,-0.834686568742,0.000000000000,2.098008468490,0.000000000000,0.013583354655,0.000000000000,0.040207560420
3.359097543685,-1.279588731020,-0.847958958896,0.000000000000,2.095888652222,0.000000000000,0.013596814603,0.000000000000,0.040207560420
3.409233327919,-1.299530774838,-0.864599958014,0.000000000000,2.094617375225,0.000000000000,0.013681770431,0.000000000000,0.040207560420
3.459369112153,-1.313965080946,-0.881975416424,0.000000000000,2.094357626299,0.000000000000,0.013813803171,0.000000000000,0.040207560420
3.509504896387,-1.323678720110,-0.897470414509,0.000000000000,2.095109003938,0.000000000000,0.013961424215,0.000000000000,0.040207560420
3.559640680621,-1.329924334633,-0.908878745577,0.000000000000,2.096715391508,0.000000000000,0.014093164248,0.000000000000,0.040207560420
3.609776464856,-1.334270222312,-0.914710610196,0.000000000000,2.098895997761,0.000000000000,0.014183943980,0.000000000000,0.040207560420
3.659912249090,-1.338424815812,-0.914375916146,0.000000000000,2.101293864791,0.000000000000,0.014219509066,0.000000000000,0.040207560420
3.710048033324,-1.344054855870,-0.908221411067,0.000000000000,2.103533528449,0.000000000000,0.014198226335,0.000000000000,0.040207560420
3.760183817558,-1.352616384945,-0.897423177626,0.000000000000,2.105278529564,0.000000000000,0.014130143538,0.000000000000,0.040207560420
3.810319601792,-1.365215416233,-0.883758090590,0.000000000000,2.106279990480,0.000000000000,0.014033778739,0.000000000000,0.040207560420
3.860455386026,-1.382511157842,-0.869295278440,0.000000000000,2.106409316501,0.000000000000,0.013931518164,0.000000000000,0.040207560420
3.910591170260,-1.404669557657,-0.856058925884,0.000000000000,2.105670887335,0.000000000000,0.013844694513,0.000000000000,0.040207560420
3.960726954494,-1.431369315035,-0.845715623925,0.000000000000,2.104193880116,0.000000000000,0.013789374406,0.000000000000,0.040207560420
4.010862738728,-1.461857005032,-0.839333041554,0.000000000000,2.102205586197,0.000000000000,0.013773636424,0.000000000000,0.040207560420
4.060998522962,-1.495043133396,-0.837243375924,0.000000000000,2.099991265136,0.000000000000,0.013796740670,0.000000000000,0.040207560420
4.111134307197,-1.529627227116,-0.839027252496,0.000000000000,2.097847348398,0.000000000000,0.013850167412,0.000000000000,0.040207560420
4.161270091431,-1.564237765766,-0.843614470085,0.000000000000,2.096035447951,0.000000000000,0.013920126222,0.000000000000,0.040207560420
4.211405875665,-1.597572016764,-0.849480260192,0.000000000000,2.094744106871,0.000000000000,0.013990879416,0.000000000000,0.040207560420
4.261541659899,-1.628521637381,-0.854902190861,0.000000000000,2.094063691065,0.000000000000,0.014048124877,0.000000000000,0.040207560420
4.311677444133,-1.656272083837,-0.858235341747,0.000000000000,2.093977548914,0.000000000000,0.014081747332,0.000000000000,0.040207560420
4.361813228367,-1.680367132937,-0.858162735854,0.000000000000,2.094369939540,0.000000000000,0.014087444655,0.000000000000,0.040207560420
4.411949012601,-1.700733792110,-0.853883970832,0.000000000000,2.095048664731,0.000000000000,0.014067013233,0.000000000000,0.040207560420
4.462084796835,-1.717667116019,-0.845216295383,0.000000000000,2.095778218173,0.000000000000,0.014027369711,0.000000000000,0.040207560420
4.512220581069,-1.731778522733,-0.832597024746,0.000000000000,2.096317886229,0.000000000000,0.013978634473,0.000000000000,0.040207560420
4.562356365303,-1.743914708591,-0.816991780897,0.000000000000,2.096458767877,0.000000000000,0.013931759441,0.000000000000,0.040207560420
4.612492149538,-1.755056873629,-0.799727157546,0.000000000000,2.096054151895,0.000000000000,0.013896226398,0.000000000000,0.040207560420
4.662627933772,-1.766211469890,-0.782276976835,0.000000000000,2.095038978409,0.000000000000,0.013878274786,0.000000000000,0.040207560420
4.712763718006,-1.778303976996,-0.766036898868,0.000000000000,2.093435983067,0.000000000000,0.013879964460,0.000000000000,0.040207560420
4.762899502240,-1.792086323815,-0.752122170115,0.000000000000,2.091348262570,0.000000000000,0.013899179074,0.000000000000,0.040207560420
4.813035286474,-1.808066659949,-0.741218032050,0.000000000000,2.088940072096,0.000000000000,0.013930474658,0.000000000000,0.040207560420
4.863171070708,-1.826467481296,-0.733502825578,0.000000000000,2.086409357833,0.000000000000,0.013966516435,0.000000000000,0.040207560420
4.913306854942,-1.847214942077,-0.728651775374,0.000000000000,2.083956603767,0.000000000000,0.013999753704,0.000000000000,0.040207560420
4.963442639176,-1.869958886182,-0.725916781881,0.000000000000,2.081754898943,0.000000000000,0.014023969689,0.000000000000,0.040207560420
5.013578423410,-1.894120043542,-0.724266240932,0.000000000000,2.079925697893,0.000000000000,0.014035405152,0.000000000000,0.040207560420
5.063714207645,-1.918958264454,-0.722560601250,0.000000000000,2.078523656734,0.000000000000,0.014033271202,0.000000000000,0.040207560420
5.113849991879,-1.943653840836,-0.719735169463,0.000000000000,2.077532379237,0.000000000000,0.014019609019,0.000000000000,0.040207560420
5.163985776113,-1.967393035576,-0.714962011213,0.000000000000,2.076871158901,0.000000000000,0.013998590687,0.000000000000,0.040207560420
5.214121560347,-1.989448958285,-0.707767395095,0.000000000000,2.076411130165,0.000000000000,0.013975459015,0.000000000000,0.040207560420
5.264257344581,-2.009249838980,-0.698089170104,0.000000000000,2.075997894414,0.000000000000,0.013955357396,0.000000000000,0.040207560420
5.314393128815,-2.026428422961,-0.686268381772,0.000000000000,2.075476852550,0.000000000000,0.013942297698,0.000000000000,0.040207560420
5.364528913049,-2.040848433345,-0.672979711929,0.000000000000,2.074717256188,0.000000000000,0.013938461292,0.000000000000,0.040207560420
5.414664697283,-2.052606569591,-0.659114392308,0.000000000000,2.073631386425,0.000000000000,0.013943941172,0.000000000000,0.040207560420
5.464800481517,-2.062011060663,-0.645635777290,0.000000000000,2.072186191193,0.000000000000,0.013956932966,0.000000000000,0.040207560420
5.514936265751,-2.069540110825,-0.633430900845,0.000000000000,2.070405992991,0.000000000000,0.013974290933,0.000000000000,0.040207560420
5.565072049986,-2.075785441158,-0.623180781367,0.000000000000,2.068366305648,0.000000000000,0.013992299602,0.000000000000,0.040207560420
5.615207834220,-2.081387374902,-0.615268247208,0.000000000000,2.066180147777,0.000000000000,0.014007483096,0.000000000000,0.040207560420
5.665343618454,-2.086968444841,-0.609735414198,0.000000000000,2.063979310667,0.000000000000,0.014017284459,0.000000000000,0.040207560420
5.715479402688,-2.093072298414,-0.606294796367,0.000000000000,2.061893681234,0.000000000000,0.014020490539,0.000000000000,0.040207560420
5.765615186922,-2.100113798428,-0.604389686292,0.000000000000,2.060031860128,0.000000000000,0.014017342014,0.000000000000,0.040207560420
5.815750971156,-2.108344787024,-0.603292179053,0.000000000000,2.058465955384,0.000000000000,0.014009338001,0.000000000000,0.040207560420
5.865886755390,-2.117838170391,-0.602222082172,0.000000000000,2.057222652942,0.000000000000,0.013998805586,0.000000000000,0.040207560420
5.916022539624,-2.128490994000,-0.600467625260,0.000000000000,2.056281606320,0.000000000000,0.013988345086,0.000000000000,0.040207560420
5.966158323858,-2.140045222970,-0.597489569791,0.000000000000,2.055581023737,0.000000000000,0.013980275909,0.000000000000,0.040207560420
6.016294108093,-2.152123215752,-0.592993765618,0.000000000000,2.055029244008,0.000000000000,0.013976195141,0.000000000000,0.040207560420
6.066429892327,-2.164273544892,-0.586962744046,0.000000000000,2.054520243882,0.000000000000,0.013976726868,0.000000000000,0.040207560420
6.116565676561,-2.176021991514,-0.579643630320,0.000000000000,2.053950525951,0.000000000000,0.013981493799,0.000000000000,0.040207560420
6.166701460795,-2.186922278381,-0.571496426881,0.000000000000,2.053234754966,0.000000000000,0.013989294512,0.000000000000,0.040207560420
6.216837245029,-2.196601408163,-0.563112531148,0.000000000000,2.052317832888,0.000000000000,0.013998429742,0.000000000000,0.040207560420
6.266973029263,-2.204795279600,-0.555117373354,0.000000000000,2.051181760040,0.000000000000,0.014007096615,0.000000000000,0.040207560420
6.317108813497,-2.211371457892,-0.548072770578,0.000000000000,2.049846504572,0.000000000000,0.014013764160,0.000000000000,0.040207560420
6.367244597731,-2.216337434681,-0.542393849269,0.000000000000,2.048365051434,0.000000000000,0.014017455952,0.000000000000,0.040207560420
6.417380381965,-2.219834267072,-0.538292426752,0.000000000000,2.046813677175,0.000000000000,0.014017892006,0.000000000000,0.040207560420
6.467516166199,-2.222116971976,-0.535754124068,0.000000000000,2.045279169096,0.000000000000,0.014015475372,0.000000000000,0.040207560420
6.517651950434,-2.223524324558,-0.534550992617,0.000000000000,2.043845084630,0.000000000000,0.014011141783,0.000000000000,0.040207560420
6.567787734668,-2.224441649785,-0.534285953179,0.000000000000,2.042579186924,0.000000000000,0.014006116600,0.000000000000,0.040207560420
6.617923518902,-2.225260725368,-0.534460700398,0.000000000000,2.041523906287,0.000000000000,0.014001637598,0.000000000000,0.040207560420
6.668059303136,-2.226341000089,-0.534555581952,0.000000000000,2.040691124415,0.000000000000,0.013998703170,0.000000000000,0.040207560420
6.718195087370,-2.227975987147,-0.534108721240,0.000000000000,2.040061856449,0.000000000000,0.013997894364,0.000000000000,0.040207560420
6.768330871604,-2.230367974275,-0.532782407893,0.000000000000,2.039590633076,0.000000000000,0.013999299360,0.000000000000,0.040207560420
6.818466655838,-2.233613192600,-0.530407316638,0.000000000000,2.039213681068,0.000000000000,0.014002545345,0.000000000000,0.040207560420
6.868602440072,-2.237698419757,-0.526998956994,0.000000000000,2.038859469124,0.000000000000,0.014006920528,0.000000000000,0.040207560420
6.918738224306,-2.242508786344,-0.522745254879,0.000000000000,2.038459898854,0.000000000000,0.014011552493,0.000000000000,0.040207560420
6.968874008540,-2.247845432387,-0.517968606168,0.000000000000,2.037960409333,0.000000000000,0.014015601117,0.000000000000,0.040207560420
7.019009792775,-2.253450731611,-0.513069450424,0.000000000000,2.037327515825,0.000000000000,0.014018425509,0.000000000000,0.040207560420
7.069145577009,-2.259038150218,-0.508460864191,0.000000000000,2.036552767389,0.000000000000,0.014019693799,0.000000000000,0.040207560420
7.119281361243,-2.264323485495,-0.504504558349,0.000000000000,2.035652703005,0.000000000000,0.014019419288,0.000000000000,0.040207560420
7.169417145477,-2.269054253883,-0.501457927656,0.000000000000,2.034665014684,0.000000000000,0.014017923072,0.000000000000,0.040207560420
7.219552929711,-2.273034348208,-0.499439636141,0.000000000000,2.033641691477,0.000000000000,0.014015738107,0.000000000000,0.040207560420
7.269688713945,-2.276141707823,-0.498418030153,0.000000000000,2.032640337788,0.000000000000,0.014013480032,0.000000000000,0.040207560420
7.319824498179,-2.278337566403,-0.498222988013,0.000000000000,2.031715076523,0.000000000000,0.014011714273,0.000000000000,0.040207560420
7.369960282413,-2.279666767108,-0.498578225432,0.000000000000,2.030908439576,0.000000000000,0.014010846691,0.000000000000,0.040207560420
7.420096066647,-2.280249564800,-0.499148119524,0.000000000000,2.030245427550,0.000000000000,0.014011057554,0.000000000000,0.040207560420
7.470231850882,-2.280266175724,-0.499591208505,0.000000000000,2.029730531676,0.000000000000,0.014012287845,0.000000000000,0.040207560420
7.520367635116,-2.279936005720,-0.499611905375,0.000000000000,2.029348021053,0.000000000000,0.014014275384,0.000000000000,0.040207560420
7.570503419350,-2.279493929526,-0.499002661334,0.000000000000,2.029065287228,0.000000000000,0.014016628460,0.000000000000,0.040207560420
7.620639203584,-2.279166172659,-0.497670656055,0.000000000000,2.028838584266,0.000000000000,0.014018918265,0.000000000000,0.040207560420
7.670774987818,-2.279148259074,-0.495645740023,0.000000000000,2.028620172033,0.000000000000,0.014020769524,0.000000000000,0.040207560420
7.720910772052,-2.279587154516,-0.493069366181,0.000000000000,2.028365707282,0.000000000000,0.014021931161,0.000000000000,0.040207560420
7.771046556286,-2.280569203359,-0.490167148376,0.000000000000,2.028040747685,0.000000000000,0.014022314693,0.000000000000,0.040207560420
7.821182340520,-2.282114789659,-0.487210037678,0.000000000000,2.027625425814,0.000000000000,0.014021995834,0.000000000000,0.040207560420
7.871318124754,-2.284179925467,-0.484470584843,0.000000000000,2.027116675484,0.000000000000,0.014021182687,0.000000000000,0.040207560420
7.921453908988,-2.286664257798,-0.482181177597,0.000000000000,2.026527795653,0.000000000000,0.014020160336,0.000000000000,0.040207560420
7.971589693223,-2.289424361435,-0.480500494639,0.000000000000,2.025885552227,0.000000000000,0.014019225430,0.000000000000,0.040207560420
8.021725477457,-2.292290706560,-0.479492856081,0.000000000000,2.025225381903,0.000000000000,0.014018625007,0.000000000000,0.040207560420
8.071861261691,-2.295086399290,-0.479122955941,0.000000000000,2.024585521993,0.000000000000,0.014018511536,0.000000000000,0.040207560420
8.121997045925,-2.297645709414,-0.479266001206,0.000000000000,2.024001011773,0.000000000000,0.014018921623,0.000000000000,0.040207560420
8.172132830159,-2.299830521152,-0.479730941132,0.000000000000,2.023498482786,0.000000000000,0.014019780328,0.000000000000,0.040207560420
8.222268614393,-2.301543146876,-0.480292599281,0.000000000000,2.023092489494,0.000000000000,0.014020927629,0.000000000000,0.040207560420
8.272404398627,-2.302734390459,-0.480727379728,0.000000000000,2.022783859922,0.000000000000,0.014022159444,0.000000000000,0.040207560420
8.322540182861,-2.303406283896,-0.480846944543,0.000000000000,2.022560215019,0.000000000000,0.014023273446,0.000000000000,0.040207560420
8.372675967095,-2.303609489092,-0.480524849948,0.000000000000,2.022398468611,0.000000000000,0.014024109898,0.000000000000,0.040207560420
8.422811751330,-2.303435897199,-0.479712450344,0.000000000000,2.022268828540,0.000000000000,0.014024579762,0.000000000000,0.040207560420
8.472947535564,-2.303007417204,-0.478442195114,0.000000000000,2.022139615756,0.000000000000,0.014024675643,0.000000000000,0.040207560420
8.523083319798,-2.302462281316,-0.476818452102,0.000000000000,2.021982128299,0.000000000000,0.014024465115,0.000000000000,0.040207560420
8.573219104032,-2.301940379180,-0.474997879167,0.000000000000,2.021774809276,0.000000000000,0.014024069526,0.000000000000,0.040207560420
8.623354888266,-2.301569155091,-0.473162850624,0.000000000000,2.021506120895,0.000000000000,0.014023634056,0.000000000000,0.040207560420
8.673490672500,-2.301451468076,-0.471492323508,0.000000000000,2.021175753276,0.000000000000,0.014023295962,0.000000000000,0.040207560420
8.723626456734,-2.301656545459,-0.470134696498,0.000000000000,2.020794068307,0.000000000000,0.014023157621,0.000000000000,0.040207560420
8.773762240968,-2.302214790364,-0.469186682491,0.000000000000,2.020379951898,0.000000000000,0.014023269357,0.000000000000,0.040207560420
8.823898025202,-2.303116775113,-0.468681100025,0.000000000000,2.019957480908,0.000000000000,0.014023624534,0.000000000000,0.040207560420
8.874033809436,-2.304316311951,-0.468584988062,0.000000000000,2.019551970617,0.000000000000,0.014024166670,0.000000000000,0.040207560420
8.924169593671,-2.305737085189,-0.468807810189,0.000000000000,2.019186034126,0.000000000000,0.014024805934,0.000000000000,0.040207560420
8.974305377905,-2.307281994258,-0.469217993904,0.000000000000,2.018876251514,0.000000000000,0.014025440729,0.000000000000,0.040207560420
9.024441162139,-2.308844125539,-0.469664873284,0.000000000000,2.018630923816,0.000000000000,0.014025979481,0.000000000000,0.040207560420
9.074576946373,-2.310318160410,-0.470002430426,0.000000000000,2.018449198263,0.000000000000,0.014026358207,0.000000000000,0.040207560420
9.124712730607,-2.311611042854,-0.470111139462,0.000000000000,2.018321628536,0.000000000000,0.014026550718,0.000000000000,0.040207560420
9.174848514841,-2.312650864166,-0.469914691282,0.000000000000,2.018232012643,0.000000000000,0.014026570152,0.000000000000,0.040207560420
9.224984299075,-2.313393155308,-0.469389316782,0.000000000000,2.018160164969,0.000000000000,0.014026462376,0.000000000000,0.040207560420
9.275120083309,-2.313824080636,-0.468564665420,0.000000000000,2.018085154450,0.000000000000,0.014026293437,0.000000000000,0.040207560420
9.325255867543,-2.313960365961,-0.467516530825,0.000000000000,2.017988493624,0.000000000000,0.014026134181,0.000000000000,0.040207560420
9.375391651778,-2.313846132876,-0.466352938618,0.000000000000,2.017856796735,0.000000000000,0.014026045450,0.000000000000,0.040207560420
9.425527436012,-2.313547115858,-0.465196043328,0.000000000000,2.017683529943,0.000000000000,0.014026066804,0.000000000000,0.040207560420
9.475663220246,-2.313142979585,-0.464162794484,0.000000000000,2.017469633561,0.000000000000,0.014026210673,0.000000000000,0.040207560420
9.525799004480,-2.312718610115,-0.463347369777,0.000000000000,2.017222978633,0.000000000000,0.014026462605,0.000000000000,0.040207560420
9.575934788714,-2.312355313432,-0.462807953882,0.000000000000,2.016956799051,0.000000000000,0.014026786920,0.000000000000,0.040207560420
9.626070572948,-2.312122817243,-0.462559651688,0.000000000000,2.016687388910,0.000000000000,0.014027136097,0.000000000000,0.040207560420
9.676206357182,-2.312072845413,-0.462574303069,0.000000000000,2.016431451759,0.000000000000,0.014027461615,0.000000000000,0.040207560420
9.726342141416,-2.312234836505,-0.462786879579,0.000000000000,2.016203521815,0.000000000000,0.014027723898,0.000000000000,0.040207560420
9.776477925650,-2.312614131981,-0.463107160074,0.000000000000,2.016013845110,0.000000000000,0.014027899450,0.000000000000,0.040207560420
9.826613709884,-2.313192693231,-0.463434646192,0.000000000000,2.015867019155,0.000000000000,0.014027984012,0.000000000000,0.040207560420
9.876749494119,-2.313932147555,-0.463674289362,0.000000000000,2.015761559498,0.000000000000,0.014027991510,0.000000000000,0.040207560420
9.926885278353,-2.314778737530,-0.463750600054,0.000000000000,2.015690412276,0.000000000000,0.014027949421,0.000000000000,0.040207560420
9.977021062587,-2.315669576901,-0.463618078049,0.000000000000,2.015642287281,0.000000000000,0.014027891864,0.000000000000,0.040207560420
